8100050|13.22000
8150050|13.22000
8100060|13.22000
8150060|13.22000
8100070|13.22000
8150070|13.22000
8100132|12.46000
8150132|12.46000
8100080|12.67000
8150080|12.67000
8100090|10.65000
8150090|10.65000
8100100|8.26000
8150100|8.26000
8300100|15.23000
8100110|8.26000
8150110|8.26000
8100364|8.26000
8150364|8.26000
8100120|8.26000
8150120|8.26000
8100125|8.26000
8150125|8.26000
8100130|8.26000
8150130|8.26000
8300130|16.77000
8100140|8.26000
8150140|8.26000
8300140|16.77000
8100150|6.60000
8150150|6.60000
8300150|15.23000
8100116|6.60000
8150116|6.60000
8100160|6.60000
8150160|6.60000
8100170|6.60000
8150170|6.60000
8100180|6.60000
8150180|6.60000
8300180|16.77000
8100190|6.60000
8150190|6.60000
8100564|5.32000
8150564|5.32000
8100200|5.32000
8150200|5.32000
8300200|15.97000
8100210|5.32000
8150210|5.32000
8100220|5.32000
8150220|5.32000
8150225|5.32000
8100230|5.32000
8150230|5.32000
8100332|5.32000
8150332|5.32000
8100240|5.32000
8150240|5.32000
8300240|16.77000
8100250|4.65000
8150250|4.65000
8300250|16.77000
8300250T|16.77000
8100260|4.65000
8150260|4.65000
8100270|4.65000
8150270|4.65000
8150275|4.65000
8100764|4.65000
8150764|4.65000
8100280|4.65000
8150280|4.65000
8300280|20.53000
8100290|4.65000
8150290|4.65000
8100300|4.65000
8150300|4.65000
8300300|17.11000
8100310|5.38000
8150310|5.38000
8100018|4.49000
8150018|4.49000
8100320|5.38000
8150320|5.38000
8300320|20.53000
8150325|5.38000
8100330|5.38000
8150330|5.38000
8100340|5.38000
8150340|5.38000
8100350|4.86000
8150350|4.86000
8300350|19.36000
8300350T|19.36000
8100964|4.86000
8150964|4.86000
8100360|6.05000
8150360|6.05000
8100370|6.05000
8150370|6.05000
8150375|6.05000
8100380|6.05000
8150380|6.05000
8100390|6.05000
8150390|6.05000
8100532|5.03000
8150532|5.03000
8100400|5.03000
8150400|5.03000
8300400|21.10000
8300400T|21.10000
8100410|6.26000
8150410|6.26000
8300410|21.10000
8100420|6.26000
8150420|6.26000
8300420|23.20000
8150425|6.26000
8100430|6.26000
8150430|6.26000
8101164|5.77000
8151164|5.77000
8100440|6.26000
8150440|6.26000
8100450|5.77000
8150450|5.77000
8300450|23.20000
8100460|7.24000
8150460|7.24000
8100470|7.24000
8150470|7.24000
8150475|7.24000
8100316|6.29000
8150316|6.29000
8100480|7.24000
8150480|7.24000
8100490|7.24000
8150490|7.24000
8100500|6.29000
8150500|6.29000
8300500|27.72000
8300500T|27.72000
8100510|7.87000
8150510|7.87000
8101364|6.29000
8151364|6.29000
8100520|7.87000
8150520|7.87000
8300520|30.65000
8150525|7.87000
8100530|7.87000
8150530|7.87000
8100540|7.87000
8150540|7.87000
8100550|6.68000
8150550|6.68000
8300550|30.65000
8300550T|30.65000
8100732|6.68000
8150732|6.68000
8100560|8.37000
8150560|8.37000
8300560|33.83000
8100570|8.37000
8150570|8.37000
8150575|8.37000
8100580|8.37000
8150580|8.37000
8100590|8.37000
8150590|8.37000
8101564|7.74000
8151564|7.74000
8100600|7.74000
8150600|7.74000
8300600|33.83000
8300600T|33.83000
8100610|9.66000
8150610|9.66000
8300610|33.83000
8100620|9.66000
8150620|9.66000
8100630|9.66000
8150630|9.66000
8100014|9.44000
8150014|9.44000
8300014|38.74000
8100640|9.66000
8150640|9.66000
8100650|9.44000
8150650|9.44000
8300650|38.74000
8300650T|38.74000
8100660|11.79000
8150660|11.79000
8100670|11.79000
8150670|11.79000
8101764|10.13000
8151764|10.13000
8150675|11.79000
8100680|11.79000
8150680|11.79000
8100690|11.79000
8150690|11.79000
8100700|10.13000
8150700|10.13000
8300700|41.96000
8300700T|41.96000
8100710|12.65000
8150710|12.65000
8100932|11.72000
8150932|11.72000
8100720|12.65000
8150720|12.65000
8150725|12.65000
8100730|12.65000
8150730|12.65000
8300730|41.96000
8100740|12.65000
8150740|12.65000
8100750|11.72000
8150750|11.72000
8300750|51.60000
8300750T|51.60000
8101964|12.57000
8151964|12.57000
8100760|14.66000
8150760|14.66000
8100770|14.66000
8150770|14.66000
8150775|14.66000
8100780|14.66000
8150780|14.66000
8100790|14.66000
8150790|14.66000
8100516|12.57000
8150516|12.57000
8100800|12.57000
8150800|12.57000
8300800|57.23000
8300800T|57.23000
8100810|15.73000
8150810|15.73000
8100820|15.73000
8150820|15.73000
8150825|15.73000
8100830|15.73000
8150830|15.73000
8102164|15.06000
8152164|15.06000
8100840|15.73000
8150840|15.73000
8200840|105.40000
8100850|15.09000
8150850|15.09000
8300850|59.13000
8300850T|59.13000
8100860|18.88000
8150860|18.88000
8100870|18.88000
8150870|18.88000
8101132|17.47000
8151132|17.47000
8150875|18.88000
8100880|18.88000
8150880|18.88000
8100890|18.88000
8150890|18.88000
8100900|17.47000
8150900|17.47000
8300900|71.50000
8300900T|71.50000
8100910|21.84000
8150910|21.84000
8102364|20.85000
8152364|20.85000
8100920|21.84000
8150920|21.84000
8150925|21.84000
8100930|21.84000
8150930|21.84000
8100940|21.84000
8150940|21.84000
8100950|20.85000
8150950|20.85000
8300950|76.27000
8300950T|76.27000
8100038|20.85000
8150038|20.85000
8200038|102.47000
8100960|26.09000
8150960|26.09000
8100970|26.09000
8150970|26.09000
8150975|26.09000
8100980|26.09000
8150980|26.09000
8100990|26.09000
8150990|26.09000
8102564|26.09000
8152564|26.09000
8101000|24.00000
8151000|24.00000
8301000|78.70000
8301000T|78.70000
8201000|102.47000
8201000T|102.47000
8201000O|102.47000
8101010|30.03000
8151010|30.03000
8101020|30.03000
8151020|30.03000
8201020|105.40000
8101030|30.03000
8151030|30.03000
8101332|26.73000
8151332|26.73000
8101040|30.03000
8151040|30.03000
8201040|105.40000
8101050|26.73000
8151050|26.73000
8301050|80.36400
8301050T|80.36000
8201050|105.40000
8101060|33.41000
8151060|33.41000
8101070|33.41000
8151070|33.41000
8102764|33.41000
8152764|33.41000
8151075|33.41000
8101080|33.41000
8151080|33.41000
8101090|33.41000
8151090|33.41000
8101100|29.07000
8151100|29.07000
8301100|82.07000
8301100T|82.07000
8201100|110.64000
8201100T|110.64000
8101110|36.71000
8151110|36.71000
8100716|29.38000
8150716|29.38000
8200716|117.45000
8101120|36.71000
8151120|36.71000
8151125|36.71000
8101130|36.71000
8151130|36.71000
8101140|36.71000
8151140|36.71000
8101150|31.79000
8151150|31.79000
8301150|85.82000
8301150T|85.82000
8201150|117.45000
8201150T|117.45000
8201150O|117.45000
8102964|31.79000
8152964|31.79000
8101160|39.71000
8151160|39.71000
8101170|39.71000
8151170|39.71000
8151175|39.71000
8101180|39.71000
8151180|39.71000
8301180|181.06000
8101190|39.71000
8151190|39.71000
8101532|33.81000
8151532|33.81000
8101200|33.64000
8151200|33.64000
8301200|99.20000
8301200T|99.20000
8201200|116.25000
8201200T|116.25000
8101210|42.03000
8151210|42.03000
8101220|42.03000
8151220|42.03000
8151225|42.03000
8101230|42.03000
8151230|42.03000
8103164|42.03000
8153164|42.03000
8101240|42.03000
8151240|42.03000
8101250|35.65000
8151250|35.65000
8301250|101.67000
8301250T|101.67000
8201250|118.36000
8101260|44.52000
8151260|44.52000
8101270|44.52000
8151270|44.52000
8100012|35.65000
8150012|35.65000
8200012|120.01000
8200012O|120.01000
8151275|44.52000
8101280|44.52000
8151280|44.52000
8101290|44.52000
8151290|44.52000
8101300|116.97000
8151300|116.97000
8301300|122.14000
8201300|120.01000
8201300T|120.01000
8201300O|120.01000
8101310|116.97000
8151310|116.97000
8101320|116.97000
8151320|116.97000
8101330|130.49000
8151330|130.49000
8101340|130.49000
8151340|130.49000
8101732|116.97000
8151732|116.97000
8101350|116.97000
8151350|116.97000
8301350|122.14000
8201350|121.04000
8201350T|121.04000
8101360|130.49000
8151360|130.49000
8101370|131.79000
8151370|131.79000
8101380|131.79000
8151380|131.79000
8101390|131.79000
8151390|131.79000
8101400|131.79000
8151400|131.79000
8301400|127.32000
8301400T|127.32000
8201400|123.05000
8201400T|123.05000
8201400O|123.05000
8100916|146.81000
8150916|146.81000
8200916|139.17000
8200916O|139.17000
8101450|146.81000
8151450|146.81000
8301450|139.28000
8301450T|139.28000
8201450|139.17000
8101500|146.81000
8151500|146.81000
8301500|159.75000
8201500|139.17000
8201500O|139.17000
8101550|162.99000
8151550|162.99000
8201550|154.31000
8201550T|154.31000
8101580|162.99000
8100058|162.99000
8150058|162.99000
8200058|154.31000
8101600|162.99000
8151600|162.99000
8301600|211.88000
8201600|154.31000
8201600T|154.31000
8101650|182.03000
8151650|182.03000
8201650|162.26000
8201650T|162.26000
8201650O|162.26000
8101700|182.03000
8151700|182.03000
8201700|162.26000
8201700O|162.26000
8101116|201.05000
8151116|201.05000
8201116|185.49000
8101750|201.05000
8151750|201.05000
8201750|185.49000
8101800|201.05000
8151800|201.05000
8201800|185.49000
8201800T|185.49000
8101850|224.28000
8151850|224.28000
8201850|200.84000
8201850T|200.84000
8101900|224.28000
8151900|224.28000
8201900|200.84000
8201900T|200.84000
8201900O|200.84000
8100034|248.81000
8150034|248.81000
8200034|216.88000
8200034O|216.88000
8101950|248.81000
8151950|248.81000
8201950|216.88000
8201950T|216.88000
8201950O|216.88000
8102000|248.81000
8152000|248.81000
8202000|216.88000
8202000T|216.88000
8102050|319.57000
8152050|319.57000
8202050|231.85000
8101316|319.57000
8151316|319.57000
8201316|231.85000
8102100|319.57000
8152100|319.57000
8202100|231.85000
8202100T|231.85000
8102150|351.59000
8152150|351.59000
8202150|255.07000
8102200|351.59000
8152200|351.59000
8202200|255.07000
8202200T|255.07000
8100078|295.50000
8150078|295.50000
8200078|255.07000
8102250|381.02000
8152250|381.02000
8202250|276.42000
8102300|381.02000
8152300|381.02000
8202300|276.42000
8102350|425.25000
8152350|425.25000
8202350|308.51000
8202350T|308.51000
8101516|425.25000
8151516|425.25000
8201516|308.51000
8201516O|308.51000
8102400|425.25000
8152400|425.25000
8202400|308.51000
8202400T|308.51000
8102450|457.28000
8152450|457.28000
8202450|331.72000
8102500|457.28000
8152500|457.28000
8202500|331.72000
8202500T|331.72000
8100001|499.09000
8150001|499.09000
8200001|362.06000
8200001O|362.06000
8202550|362.06000
8202600|362.06000
8202600T|362.06000
8202600O|362.06000
8202650|371.81000
8201116|400.41000
8201.116O|400.41000
8202700|400.41000
8202700T|400.41000
8202750|438.76000
8202750O|438.76000
8202800|438.76000
8202800T|438.76000
8202850|478.06000
8201.18|478.06000
8202900|478.06000
8202900T|478.06000
8202950|508.34000
8202950O|508.34000
8203000|508.34000
8203000T|508.34000
8203000O|508.34000
8201316|554.59000
8203050|554.69000
8203100|554.75000
8203100T|554.75000
8203150|585.91000
8201.14|585.91000
8201.14O|585.91000
8203200|610.36000
8203200T|610.36000
8203250|655.55000
8203300|655.55000
8203300T|655.55000
8203300O|655.55000
8201516|693.26000
8201.516O|693.26000
8203350|693.80000
8203400|693.80000
8203450|740.19000
8203500|740.13000
8203500T|740.13000
8201.38|740.13000
8203550|784.86000
8203600|784.86000
8203600T|784.86000
8203650|832.97000
8201716|832.97000
8203700|832.97000
8203700T|832.97000
8203700O|832.97000
8203750|900.58000
8203800|900.58000
8203800O|900.58000
820112|909.57000
820112O|909.57000
8203850|909.57000
8203900|909.57000
8203950|963.08000
8201916|963.08000
8204000|963.08000
8204050|1016.55
8204100|1.016.55000
8204100T|1.016.55000
8201.58|1.016.55000
8204150|1.016.55000
8204200|1.123.54000
8204250|1.123.54000
81011116|1.154.69000
8204300|1.154.69000
8204300T|1.154.69000
8204350|1.175.71000
8204400|1.175.71000
8201.34|1.284.14000
8204450|1.284.14000
8204500|1.284.14000
8204550|1.373.26000
8204600|1.373.26000
82011316|1.373.26000
8204650|1.373.26000
8204700|1.480.26000
8204700T|1.480.26000
8204750|1.480.26000
8201.78|1.551.64000
8204800|1.551.64000
8204850|1.555.52000
8204900|1.552.52000
82011516|1.655.51000
8204950|1.655.51000
8205000|1.655.51000
8200002|1.783.90000
8205100|1.886.67000
8205200|2.042.01000
8205300|2.073.43000
8202.18|2.189.01000
8205400|2.189.01000
8205500|2.313.56000
8202316|2.403.02000
8205600|2.403.02000
8205700|2.509.45000
8202.14|2.621.67000
8205800|2.621.67000
8202516|2.718.54000
8205900|2.732.19000
8206000|2.732.19000
8202.38|2.732.19000
MCD0010150TL|93.58000
MCD0010200|81.38000
MCD0010220|81.38000
MCD0010230|81.38000
MCD0010230T|89.51000
MCD0010250|83.71000
MCD0010250TL|96.26000
MCD0010260TL|96.26000
MCD0010270|83.71000
MCD0010280|83.71000
MCD0010290TL|96.26000
MCD0010300|114.04000
MCD0010300TL|131.44000
MCD0010310|117.25000
MCD0010320|119.00000
MCD0010330|120.46000
MCD0010330TL|138.52000
MCD0010340|124.83000
MCD0010340T|137.31000
MCD0010350|125.42000
MCD0010350TL|144.21000
MCD0010360|127.46000
MCD0010370|129.50000
MCD0010380|134.46000
MCD0010390|136.79000
MCD0010390TL|157.30000
MCD0010400|132.13000
MCD0010400TL|151.94000
MCD0010410|134.17000
MCD0010410TL|154.30000
MCD0010420|136.21000
MCD0010420T|149.83000
MCD0010430|141.46000
MCD0010440|143.79000
MCD0010450|144.96000
MCD0010450T|159.45000
MCD0010460|147.29000
MCD0010470|149.92000
MCD0010480|156.92000
MCD0010480TL|180.45000
MCD0010490|159.54000
MCD0010500|183.94000
MCD0010500TL|183.94000
MCD0010510|161.88000
MCD0010510TL|186.16000
MCD0010520|164.50000
MCD0010530|167.13000
MCD0010530T|183.84000
MCD0010530TL|192.20000
MCD0010540|175.88000
MCD0010550|177.92000
MCD0010550TL|204.60000
MCD0010560|180.83000
MCD0010570|184.04000
MCD0010580|187.25000
MCD0010590|190.46000
MCD0010600|189.00000
MCD0010600TL|217.35000
MCD0010610|192.21000
MCD0010610TL|221.04000
MCD0010620|195.42000
MCD0010620TL|224.73000
MCD0010630|198.63000
MCD0010640|202.13000
MCD0010650|210.88000
MCD0010650TL|242.51000
MCD0010660|220.00000
MCD0010660TL|253.00000
MCD0010670|230.00000
MCD0010680|242.38000
MCD0010680TL|278.73000
MCD0010690|245.00000
MCD0010700|248.21000
MCD0010710|251.00000
MCD0010720|255.00000
MCD0010720TL|293.25000
MCD0010730|258.00000
MCD0010740|263.50000
MCD0010750|268.63000
MCD0010760|274.00000
MCD0010770|283.21000
MCD0010780|294.00000
MCD0010790|297.00000
MCD0010800|299.25000
MCD0010800TL|344.13000
MCD0010810|310.00000
MCD0010820|317.00000
MCD0010830|324.00000
MCD0010840|338.00000
MCD0010850|351.17000
MCD0010850TL|403.84000
MCD0010860|397.00000
MCD0010860TL|456.55000
MCD0010870|412.00000
MCD0010870TL|473.80000
MCD0010880|426.13000
MCD0010890|430.00000
MCD0010900|432.54000
MCD0010910|441.30000
MCD0010920|448.94000
MCD0010930|452.17000
MCD0010940|456.45000
MCD0010950|461.42000
MCD0010960|477.56000
MCD0010970|484.98000
MCD0010980|498.17000
MCD0010990|500.11000
MCD0011000|506.63000
MCD0011000T|557.29000
MCD0011000TL|582.62000
MCD0011010|524.00000
MCD0011010TL|602.60000
MCD0011020|538.65000
MCD0011030|548.78000
MCD0011040|562.31000
MCD0011050|578.38000
MCD0011060|599.00000
MCD0011070|612.00000
MCD0011080|635.00000
MCD0011090|656.00000
MCD0011100|680.46000
MCD0011100TL|782.53000
MCD0011110|720.13000
MCD0011120|720.13000
MCD0011120TL|828.14000
MCD0011130|720.13000
MCD0011140|720.13000
MCD0011150|720.13000
MCD0011150TL|828.14000
MCD0011160|771.46000
MCD0011170|771.46000
MCD0011180|771.46000
MCD0011190|771.46000
MCD0011200|771.46000
MCD0011200T|848.60000
MCD0011200TL|887.17000
MCD0011210|771.46000
MCD0011210TL|887.17000
MCD0011300|990.50000
MCD0011300TL|1.089.54000
MCD0011400|990.50000
MCD0011400TL|1.148.27000
8700300|5.55000
8700350|5.55000
8700400|5.55000
8700500|6.12000
8700550|6.67000
8700600|7.46000
8720600|26.66000
8700650|7.80000
8720650|28.26000
8700700|7.97000
8700800|10.29000
8720800|28.62000
8700900|11.78000
8700950|12.60000
8720950|31.77000
8701000|13.80000
8721000|31.96000
8701100|16.56000
8701200|18.77000
8721200|44.16000
8701300|22.25000
8721300|47.53000
8701400|29.41000
8721400|54.16000
8701600|36.30000
8721600|66.84000
8701900|61.73000
8721900|106.97000
8702200|71.80000
8722200|113.93000
8702500|95.85000
8722500|124.11000
8400100|31.55000
8400125|30.95000
8400160|26.59000
8400200|29.74000
8400250|33.25000
8400315|38.52000
8400400|55.46000
8400500|85.24000
8400630|117.04000
800113|76.00000
800119|284.00000
800125|470.00000
800213|76.00000
800229|480.00000
6200101|68.56000
6200151|34.94000
620021|35.85000
620022|52.67000
640021|35.85000
640022|59.95000
6200251|35.85000
6200252|52.67000
6400251|35.85000
6400252|59.95000
620031|35.11000
620032|52.67000
640031|31.80000
640032|59.95000
62000181|35.11000
64000181|31.80000
6200351|35.85000
6200352|52.67000
6400351|35.85000
6400352|56.24000
62005321|31.44000
64005321|31.44000
620041|31.44000
620042|52.67000
640041|31.44000
640042|51.92000
6200451|38.77000
6200452|52.67000
6400451|35.85000
6400452|56.46000
62003161|31.44000
64003161|31.44000
620051|31.44000
620052|52.67000
640051|31.44000
640052|51.92000
6200551|38.77000
6200552|52.67000
6400551|35.85000
6400552|56.24000
620061|31.44000
620062|52.67000
640061|31.44000
640062|51.92000
62000141|44.26000
64000141|44.26000
6200651|44.26000
6200652|63.12000
6400651|44.26000
6400652|72.88000
620071|40.52000
620072|63.12000
640071|41.31000
640072|72.88000
6200751|44.26000
6200752|63.12000
6400751|44.26000
6400752|72.88000
62005161|40.52000
64005161|41.32000
620081|40.52000
620082|63.12000
640081|41.32000
640082|70.50000
6200851|47.58000
6200852|65.34000
6400851|51.22000
6400852|77.19000
620091|43.52000
620092|65.34000
640091|41.32000
640092|77.19000
6200951|47.58000
6200952|69.42000
6400951|51.22000
6400952|73.70000
62000381|47.58000
64000381|51.22000
620101|41.32000
620102|69.42000
640101|41.32000
640102|73.70000
6201051|59.64000
6201052|79.02000
6401051|67.06000
6401052|81.72000
620111|52.67000
620112|79.02000
640111|53.66000
640112|81.72000
64007161|53.66000
6201151|59.64000
6201152|79.02000
6401151|67.06000
6401152|81.72000
620121|48.96000
620122|76.99000
640121|53.66000
640122|110.17000
6201251|82.68000
6401251|84.16000
6401252|81.72000
62000121|82.68000
64000121|66.57000
620131|82.68000
620132|124.02000
640131|66.57000
640132|110.17000
620141|75.01000
620142|129.39000
640141|67.95000
640142|110.86000
620151|75.01000
620152|141.70000
640151|72.44000
640152|119.01000
620161|82.68000
620162|141.70000
640161|79.64000
640162|119.01000
620171|113.44000
620172|172.80000
640171|100.51000
640172|145.10000
620181|95.48000
620182|179.84000
640181|101.19000
640182|145.10000
620191|123.68000
620192|236.06000
640191|126.27000
640192|178.30000
620201|123.68000
620202|236.06000
640201|126.27000
640202|220.78000
620211|190.22000
620212|236.06000
640211|156.97000
640212|241.69000
620221|177.82000
620222|301.88000
640221|151.77000
640222|241.69000
64000781|151.77000
620231|245.17000
620232|301.88000
640231|171.38000
640232|241.69000
620241|226.48000
620242|361.57000
640241|193.20000
640242|335.74000
620251|226.48000
620252|370.57000
640251|193.20000
640252|335.74000
621011|112.06000
6210151|99.01000
621021|86.59000
621022|120.00000
641021|105.12000
641022|126.18000
6210251|86.59000
6210252|120.00000
6410251|105.12000
6410252|147.13000
621031|77.73000
621032|107.76000
641031|93.61000
641032|115.46000
62100181|84.30000
64100181|109.63000
6210351|86.59000
6210352|120.00000
6410351|105.12000
6410352|132.33000
62105321|78.09000
64105321|111.77000
621041|77.73000
621042|107.76000
641041|93.61000
641042|115.46000
6210451|86.59000
6210452|120.00000
6410451|105.12000
6410452|132.33000
62103161|77.73000
64103161|107.36000
621051|77.73000
621052|107.76000
641051|93.61000
641052|115.46000
6210551|86.59000
6210552|120.00000
6410551|105.12000
6410552|132.22000
621061|77.73000
621062|107.76000
641061|93.61000
641062|115.46000
62100141|85.18000
64100141|93.61000
6210651|119.11000
6210652|152.72000
6410651|134.31000
6410652|152.84000
621071|106.01000
621072|143.63000
641071|116.94000
641072|143.75000
6210751|119.11000
6210752|152.72000
6410751|134.31000
6410752|152.84000
62105161|119.53000
64105161|132.98000
621081|98.90000
621082|125.97000
641081|111.85000
641082|132.83000
6210851|120.32000
6210852|148.57000
6410851|143.28000
6410852|174.22000
621091|111.22000
621092|145.49000
641091|140.33000
641092|171.22000
6210951|120.32000
6210952|148.57000
6410951|143.24000
6410952|171.22000
62100381|124.05000
64100381|139.36000
621101|109.47000
621102|138.04000
641101|124.05000
641102|156.93000
6211051|150.47000
6211052|171.07000
6411051|153.77000
6411052|185.06000
621111|142.55000
621112|175.18000
641111|145.42000
621112|184.17000
6211151|150.47000
6211152|171.07000
6411151|153.77000
6411152|185.06000
621121|139.64000
621122|162.17000
641121|145.92000
641122|169.78000
6211251|192.55000
6411251|175.66000
6411252|227.31000
62100121|136.63000
64100121|145.92000
621131|192.65000
621132|217.05000
641131|190.97000
641132|233.83000
621141|168.47000
621142|216.18000
641141|178.34000
641142|231.85000
621151|196.18000
621152|266.13000
641151|205.18000
641152|318.71000
621161|193.18000
621162|266.13000
641161|198.16000
641162|297.17000
621171|275.58000
621172|302.99000
641171|259.40000
641172|351.63000
621181|225.75000
621182|278.36000
641181|258.16000
641182|323.37000
621191|321.00000
621192|380.93000
641191|323.10000
641192|442.48000
621201|265.36000
621202|319.25000
641201|272.93000
641202|370.87000
621211|400.32000
621212|491.13000
641211|422.19000
641212|624.16000
621221|399.73000
621222|441.83000
641221|393.79000
641222|561.52000
621231|458.93000
621232|578.08000
641231|470.00000
641232|734.60000
621241|429.66000
621242|561.21000
641241|473.30000
641242|713.16000
621251|429.66000
621252|461.21000
641251|473.30000
641252|702.98000
MCM0010300|89.54000
MCM0010300TL|111.93000
MCM0060300|145.54000
MCM0060300TL|181.93000
MCM0040300|117.83000
MCM0040300TL|144.29000
MCM0160300|127.26000
MCM0150300|102.38000
MCM0190300|185.50000
MCM0190300TL|231.88000
MCM0010350|95.38000
MCM0010350T|112.21000
MCM0060350|155.03000
MCM0060350TL|195.51000
MCM0040350|123.67000
MCM0160350|133.58000
MMC0150350|102.38000
MCM0150350T|120.45000
MCM0150350TL|127.98000
MCM0010400|98.29000
MCM0010400TL|122.86000
MCM0060400|156.92000
MCM0040400|126.58000
MCM0040400T|148.92000
MCM0040400TL|158.23000
MCM0160400|136.21000
MCM0160400TL|170.26000
MCM0150400|105.29000
MCM0150400TL|131.61000
MCM0190400|186.38000
MCM0190400TL|232.98000
MCM0010450|104.71000
MCM0040450|133.00000
MCM0040450TL|166.25000
MCM0160450|142.92000
MCM0150450|112.00000
MCM0150450T|131.76000
MCM0190450|284.32000
MCM0010500|111.42000
MCM0010500T|131.08000
MCM0010500TL|139.28000
MCM0060500|176.17000
MCM0040500|148.58000
MCM0040500TL|175.73000
MCM0160500|150.79000
MCM0150500|118.71000
MCM0150500TL|148.39000
MCM0190500|198.04000
MCM0190500TL|247.55000
MCM0150550|127.02000
MCM0010600|132.71000
MCM0010600T|156.13000
MCM0010600TL|165.89000
MCM0060600|188.42000
MCM0060600T|207.26000
MCM0060600TL|235.53000
MCM0040600|162.75000
MCM0040600T|191.47000
MCM0040600TL|203.44000
MCM0160600|173.25000
MCM0160600TL|216.56000
MCM0150600|140.29000
MCM0150600T|165.05000
MCM0150600TL|175.36000
MCM0190600|220.21000
MCM0190600TL|275.26000
MCM0150650|150.11000
MCM0010700|162.75000
MCM0060700|230.96000
MCM0040700|304.88000
MCM0160700|208.54000
MCM0150700|171.50000
MCM0150700T|201.76000
MCM0150700TL|214.38000
MCM0190700|240.00000
MCM0190700T|280.80000
MCM0150750|198.04000
MCM0010800|189.58000
MCM0010800TL|236.98000
MCM0060800|235.96000
MCM0060800T|277.60000
MCM0060800TL|294.95000
MCM0040800|223.42000
MCM0160800|235.38000
MCM0150800|198.04000
MCM0150800T|232.99000
MCM0150800TL|247.55000
MCM0190800|261.63000
MCM0190800TL|327.04000
MCM0010900|278.25000
MCM0010900TL|347.81000
MCM0060900|402.30000
MCM0040900|334.25000
MCM0160900|353.79000
MCM0150900|292.25000
MCM0150900TL|365.31000
MCM0190900|450.00000
MCM0011000|320.83000
MCM0011000TL|401.04000
MCM0061000|447.13000
MCM0041000|376.83000
MCM0041000T|443.33000
MCM0041000TL|471.04000
MCM0161000|391.71000
MCM0151000|334.83000
MCM0151000TL|418.54000
MCM0191000|497.58000
MCM0191000T|585.39000
MCM0191000TL|621.98000
90101|701.42000
MCM0011100|452.08000
MCM0011100TL|565.10000
MCM0061100|583.04000
MCM0041100|530.54000
MCM0161100|547.17000
MCM0151100|471.63000
MCM0151100T|554.86000
MCM0151100TL|589.54000
MCM0191100|706.68000
MCM0011200|488.25000
MCM0011200T|574.41000
MCM0011200TL|610.31000
MCM0061200|637.29000
MCM0061200TL|796.61000
MCM0041200|566.71000
MCM0041200TL|708.39000
MCM0161200|594.13000
MCM0151200|507.79000
MCM0151200T|597.40000
MCM0151200TL|634.74000
MCM0191200|714.58000
MCM0191200T|840.68000
MCM0191200TL|893.23000
MCM0151300|599.67000
MCM0011400|676.38000
MCM0061400|1.185.33000
MCM0041400|794.21000
MCM0161400|835.63000
MCM0151400|705.83000
MCM0151400TL|882.29000
MCM0191400|1.345.46000
MCM0011600|969.21000
MCM0011600T|1.140.25000
MCM0011600TL|1.211.51000
MCM0061600|1.557.79000
MCM0041600|1.135.75000
MCM0161600|1.194.08000
MCM0151600|1.010.63000
MCM0151600T|1.188.98000
MCM0151600TL|1.263.29000
MCM0191600|1.755.54000
MCM0191600TL|2.194.43000
MCM0011800|1.308.42000
MCM0061800|2.100.58000
MCM0041800|1.551.96000
MCM0041800TL|1.939.95000
MCM0161800|1.637.13000
MCM0151800|1.369.09000
MCM0191800|2.389.92000
MCM0151800TL|2.987.40000
MCM0012000|1.625.46000
MCM0012000TL|2.031.83000
MCM0062000|2.361.63000
MCM0042000|1.919.57000
MCM0162000|1.938.71000
MCM0152000|1.652.88000
MCM0152000TL|2.066.10000
MCM0192000|2.624.71000
MCM0012200|2.275.56000
MCM0062200|2.914.62000
MCM0042200|2.232.30000
MCM0162200|2.171.25000
MCM0152200|2.732.15000
MCM0012500|2.890.00000
MCM0062500|3.985.63000
MCM0042500|3.435.32000
MMC0162500|3.489.68000
MCM0152500|3.356.48000
MCM0152500TL|3.859.95000
MCM0192500|4.432.46000
501036|53.14000
501034|79.72000
5010353|35.72000
5010356|71.44000
5010354|107.17000
501043|26.57000
501046|53.14000
501044|79.72000
5010456|71.44000
5010454|107.17000
501053|28.74000
501055|57.48000
501056|57.48000
501054|86.22000
501063|30.83000
501065|61.67000
501066|61.67000
501064|92.51000
501073|48.97000
501076|97.95000
501074|146.93000
501083|36.80000
501086|73.61000
501084|110.42000
501096|105.64000
501094|158.46000
501103|47.40000
501106|94.80000
501104|142.21000
501123|60.59000
501125|121.18000
501126|121.18000
501124|181.77000
501143|79.06000
501146|158.12000
501144|237.19000
501163|104.15000
501165|208.30000
501166|208.30000
501164|312.47000
501183|138.24000
501186|276.48000
501184|414.73000
501203|146.38000
501205|292.76000
501206|292.76000
501204|439.14000
501203|181.05000
501226|362.10000
501224|543.15000
501243|241.45000
501246|484.90000
501244|724.35000
501273|321.93000
501276|643.38000
501274|965.08000
501301|357.02000
501306|714.04000
501304|1.071.07000
501364|1.178.18000
551034|22.61000
55103064|45.00000
5510354|45.00000
551044|23.82000
5510454|45.00000
551054|25.10000
551064|26.91000
551074|29.39000
551084|30.75000
551094|37.99000
551104|37.99000
551124|49.74000
551144|63.31000
551164|74.99000
551184|97.23000
551204|108.53000
551224|131.15000
551244|144.71000
50230353|56.66000
50230355|113.31000
5024053|47.73000
5024055|95.46000
5025053|52.56000
5025055|105.12000
50260753|55.97000
50260755|111.93000
50280753|64.57000
50280755|129.13000
502813|50.42000
502815|100.84000
502915|141.58000
502100755|99.46000
5021013|49.73000
5021015|99.46000
502101253|54.59000
502101255|109.17000
5021213|89.72000
5021215|179.44000
502121253|64.17000
502121255|128.34000
50212153|64.17000
50212155|128.34000
5021413|82.97000
5021415|165.93000
502141253|82.97000
502141255|165.93000
50214153|82.97000
50214155|165.93000
5021613|104.13000
5021615|208.25000
50216153|94.90000
50216155|189.81000
5021813|132.33000
5021815|264.47000
50218153|132.23000
50218155|264.47000
5021823|132.23000
5021825|264.47000
5022013|146.38000
5022015|292.76000
50220153|146.38000
50220155|292.76000
5022023|146.38000
5022025|292.76000
50222153|108.80000
50222155|361.60000
5022223|108.80000
5022225|361.80000
50224153|191.62000
50224155|383.23000
5022423|191.62000
5022425|383.23000
50226155|560.39000
50227155|663.33000
50228155|669.89000
50230153|365.19000
50230155|730.38000
5023023|273.71000
5023025|547.42000
502350355|105.12000
55230354|22.61000
5524054|22.61000
5525054|25.10000
55260754|26.91000
55280754|30.75000
552814|30.75000
552914|37.99000
5521013|37.99000
5521014|37.99000
552101254|37.31000
5521214|49.74000
552121254|49.74000
55212154|49.74000
552141254|63.31000
55214154|63.31000
5521614|74.62000
55216154|74.62000
55218154|94.97000
5521824|94.97000
55220154|108.53000
5522024|108.53000
55222154|128.94000
5522224|128.94000
55224154|144.71000
552350354|45.00000
503046|65.68000
503053|26.57000
503056|53.14000
503054|79.72000
503066|53.14000
503064|79.72000
503083|26.57000
503086|53.14000
503084|79.72000
503103|28.74000
503106|57.48000
503104|86.22000
5030123|40.91000
5030126|81.82000
5030124|122.72000
503143|30.84000
503146|61.68000
503144|92.51000
5035163|36.81000
5035165|73.62000
5035166|73.62000
5035164|110.42000
503383|41.24000
503385|82.48000
503386|82.48000
503384|123.71000
5037163|47.40000
5037166|94.80000
5037164|142.21000
503123|60.59000
503126|121.18000
503124|181.77000
5039163|79.06000
5039166|158.12000
5039164|237.19000
503583|94.71000
503586|189.42000
503584|284.13000
503343|146.31000
503346|292.62000
503344|438.93000
503783|181.05000
503786|362.10000
503784|543.15000
503013|236.59000
503016|473.18000
503014|709.77000
5031183|321.69000
5031186|643.38000
5031184|965.08000
5031143|403.31000
5031146|806.62000
5031144|1.209.92000
5031124|1.579.02000
553054|22.61000
553064|22.61000
553084|22.61000
553104|26.91000
5530124|30.99000
553144|26.91000
5535164|30.15000
553384|36.55000
5537164|45.22000
553124|46.13000
5539164|63.31000
553583|24.87000
553584|74.62000
553344|104.01000
553784|131.15000
553014|149.23000
504035|74.59000
504053|26.57000
504055|53.14000
504065|53.14000
504083|26.57000
504085|53.14000
504103|28.73000
504105|57.47000
5040123|40.91000
5040125|81.82000
504143|30.83000
504145|61.67000
5045163|36.81000
5045165|73.62000
504383|41.23000
504385|82.47000
5047163|47.40000
5047165|94.80000
504123|60.58000
504125|121.17000
5049163|79.06000
5049165|158.13000
504583|94.71000
504585|189.42000
504343|146.31000
504345|292.63000
504783|181.05000
504785|362.10000
50401123|236.59000
50401125|473.19000
5041183|321.50000
5041185|643.00000
5041143|403.31000
5041145|806.62000
554054|22.61000
554084|22.61000
554104|24.87000
55412184|30.00000
554144|26.91000
5545164|30.75000
554384|37.31000
5547164|45.22000
554124|52.01000
5549164|55.77000
554584|74.62000
554344|104.01000
554784|131.15000
554014|149.23000
505183|26.57000
505186|53.14000
505184|79.72000
5055323|26.57000
5055325|53.14000
5055326|53.14000
5055324|79.72000
5053163|28.74000
5053166|57.48000
5053164|86.22000
5057323|40.90000
5057326|81.81000
5057324|122.72000
505143|30.83000
505146|61.67000
505144|92.51000
5055163|36.80000
5055166|73.61000
5055164|110.42000
505383|44.57000
505386|89.14000
505384|133.71000
5057163|47.40000
5057166|94.80000
5057164|142.21000
505123|60.59000
505126|121.18000
505124|181.77000
5059163|79.06000
5059166|158.12000
5059164|237.19000
505583|94.71000
505586|189.42000
505584|284.13000
505343|146.31000
505346|292.62000
505344|438.93000
505783|181.05000
505786|362.10000
505784|543.15000
505013|236.59000
505016|473.18000
505014|709.77000
5051183|321.69000
5051186|643.38000
5051184|965.08000
5051143|403.30000
5051146|806.61000
5051144|1.209.92000
5051126|953.32000
555184|22.61000
5555324|24.87000
5553164|25.10000
5557324|26.91000
555144|26.91000
5555164|30.75000
555384|36.55000
5557164|45.22000
555124|46.13000
5559164|63.31000
555584|71.15000
555344|104.01000
555784|131.15000
555014|149.23000
5811163|56.91000
581183|60.07000
581143|89.13000
581383|124.20000
581123|174.89000
581343|298.96000
581013|403.09000
5811143|653.61000
5811123|1.036.20000
581023|1.547.20000
506183|49.33000
506185|98.67000
506143|55.64000
506145|111.28000
506383|81.16000
506385|162.33000
506123|113.57000
506125|227.14000
506583|161.11000
506585|322.22000
506343|236.63000
506345|473.27000
506783|292.09000
506785|584.19000
506013|312.83000
506015|625.66000
5061143|495.66000
5061145|991.33000
5061123|695.67000
5061125|1.391.35000
5061343|891.55000
5061345|1.783.11000
506023|997.94000
506025|1.995.88000
401103|55.52000
401103T|92.53000
401103O|55.52000
401203|55.52000
401203T|92.53000
401203O|55.52000
401303|51.63000
401303T|86.05000
401303O|51.63000
451103|64.55000
451103O|64.55000
451203|64.55000
451303|59.19000
40120306|74.03000
4011035|74.03000
4012035|74.03000
4013035|69.56000
401104|55.52000
401104T|92.53000
401104O|55.52000
401204|55.52000
401204T|92.53000
401204O|55.52000
401304|51.63000
401304T|86.05000
401304O|51.63000
451104|64.55000
451104O|64.55000
451204|64.55000
451204O|64.55000
451304|59.19000
4012045|74.03000
401105|61.07000
401105T|101.78000
401105O|61.07000
401205|61.07000
401205T|101.78000
401205O|61.07000
401305|56.43000
401305T|94.05000
401305O|56.43000
451105|69.56000
451105T|115.93000
451105O|69.56000
451205|69.56000
451205O|69.56000
451305|64.55000
451305T|92.22000
451305O|64.55000
401106|64.55000
401106T|107.58000
401106O|64.55000
401206|64.55000
401206T|107.58000
401206O|64.55000
401306|59.19000
401306T|98.65000
401306O|59.19000
451106|64.55000
451106T|107.58000
451106O|64.55000
451206|64.55000
451206T|107.58000
451206O|64.55000
451306|59.19000
451306T|84.56000
451306O|59.19000
401107|97.78000
401207|97.78000
401108|74.47000
401108T|124.12000
401108O|74.47000
401208|74.47000
401208T|124.12000
401208O|74.47000
401308|69.99000
401308T|116.65000
401308O|69.99000
451108|74.47000
451108T|124.12000
451108O|74.47000
451208|74.47000
451208T|106.40000
451208O|74.47000
451308|69.99000
451308T|99.99000
451308O|69.99000
451109|121.23000
451209|121.23000
401110|94.17000
401110T|156.95000
401110O|94.17000
401210|94.17000
401210T|156.95000
401210O|94.17000
401310|87.16000
401310T|145.27000
401310O|87.16000
451110|94.17000
451110T|156.95000
451110O|94.17000
451210|94.17000
451210T|156.95000
451210O|94.17000
451310|87.16000
451310T|124.53000
451310O|87.16000
451112|121.06000
451112T|172.96000
451112O|121.06000
451212|121.06000
451212T|172.96000
451212O|121.06000
451312|112.33000
451312T|160.48000
451312O|112.33000
451114|156.94000
451114T|224.22000
451114O|156.94000
451214|156.94000
451214T|224.22000
451214O|156.94000
451314|145.32000
451314T|207.61000
451116|182.17000
451116T|260.26000
451116O|182.17000
451216|182.17000
451216T|260.26000
451216O|182.17000
451316|160.31000
451316T|229.03000
451316O|160.31000
451118|265.48000
451118T|379.29000
451118O|265.48000
451218|265.48000
451218T|379.29000
451218O|265.48000
451318|234.79000
451318T|335.44000
451318O|234.79000
451120|280.98000
451120T|401.43000
451120O|280.98000
451220|280.98000
451220T|401.43000
451220O|280.98000
451320|248.37000
451320T|354.84000
451320O|248.37000
451122|348.07000
451122O|348.07000
451222|348.07000
451222O|348.07000
451322|308.14000
451322T|440.23000
451322O|308.14000
451124|388.83000
451124O|388.83000
451224|388.83000
451224T|555.51000
451224O|388.83000
451324|344.07000
451127|593.85000
451127O|593.85000
451227|593.85000
451227O|593.85000
451327|540.34000
451327T|771.97000
451327O|540.34000
451130|824.37000
451130O|824.37000
451230|824.37000
451230O|824.37000
451330|749.82000
451330T|1.071.24000
451330O|749.82000
452103|114.80000
452203|114.80000
452303|106.35000
452104|114.80000
452104T|164.01000
452204|114.80000
452304|106.35000
452105|115.83000
452105T|165.48000
452105O|115.83000
452205|115.83000
452305|107.38000
452305T|153.41000
452106075|107.38000
452106075T|153.41000
452106075O|107.38000
452206075|107.38000
452206075T|153.41000
452206075O|107.38000
452306075|98.81000
452108075|129.94000
452108075T|185.64000
452108075O|129.94000
452208075|124.94000
452208075T|178.49000
452208075O|124.94000
452308075|116.06000
452308075T|165.81000
452308075O|116.06000
452181|90.54000
452181T|129.35000
452181O|90.54000
4522081|90.54000
4522081T|129.35000
4522081O|90.54000
4523081|83.90000
4523081T|119.86000
4523081O|83.90000
4521101|103.90000
4521101T|157.01000
4521101O|103.90000
4522101|103.90000
4522101T|157.01000
4522101O|103.90000
4523101|96.27000
4523101T|137.54000
4523101O|96.27000
452110125|113.52000
452110125T|162.18000
452110125O|113.52000
452210125|113.52000
452210125T|159.61000
452210125O|113.52000
452310125|104.80000
452310125T|149.73000
452310125O|104.80000
4521121|185.97000
4522121|185.97000
4522121T|265.69000
4522121O|185.97000
4523121|173.37000
4523121T|247.69000
4523121O|173.37000
452112125|133.31000
452112125T|190.45000
452112125O|133.31000
452212125|133.31000
452212125T|190.45000
452212125O|133.31000
452312125|123.66000
452312125T|176.67000
452312125O|123.66000
45211215|133.31000
45211215T|190.45000
45211215O|133.31000
45221215|133.31000
45221215T|190.45000
45221215O|133.31000
45231215|123.66000
45231215T|176.67000
45231215O|123.66000
452114125|173.29000
452214125|173.29000
452214125T|247.58000
452214125O|173.29000
452314125|160.55000
45211415|173.29000
45211415T|247.58000
45211415O|173.29000
45221415|173.29000
45221415T|247.58000
45221415O|173.29000
45231415|160.55000
45231415T|229.37000
45231415O|160.55000
4521161|208.97000
4522161|208.97000
4522161T|298.55000
4522161O|208.97000
4523161|193.07000
45211615|199.65000
45211615T|285.23000
45211615O|199.65000
45221615|199.65000
45221615T|285.23000
45221615O|199.65000
45231615|184.36000
45231615O|184.36000
45211815|265.48000
45211815T|440.70000
45211815O|265.48000
45221815|265.48000
45221815T|379.29000
45221815O|265.48000
45231815|250.25000
4521182|279.05000
4522182|279.05000
4522182O|279.05000
4523182|257.79000
45212015|280.98000
45212015T|398.67000
45212015O|280.98000
45222015|280.98000
45222015O|280.98000
45232015|259.73000
45232015T|371.06000
4521202|294.66000
4522202|294.66000
4522202T|420.97000
4523202|272.86000
45212215|348.07000
45212215T|420.97000
45212215O|348.07000
45222215|348.07000
45222215T|497.28000
45222215O|348.07000
45232215|322.66000
45232215O|322.66000
4521222|365.49000
4522222|365.49000
4523222|338.40000
4523222T|483.46000
4523222O|338.40000
45212415|388.83000
45222415|388.83000
45222415O|388.83000
45232415|360.16000
45232415T|514.54000
45232415O|360.16000
4521242|408.70000
4522242|408.70000
4522242O|408.70000
4523242|378.61000
4523242T|540.91000
4523242O|378.61000
45232615|466.09000
45213015|635.36000
45223015|635.36000
45233015|617.28000
403105|55.52000
403105O|55.52000
403205|55.52000
403305|51.63000
403305T|73.76000
403305O|51.63000
453105|64.55000
453205|64.55000
453305|59.19000
453305T|84.56000
453305O|59.19000
403108|55.52000
403108O|55.52000
403208|55.52000
403208T|79.32000
403208O|55.52000
403308|51.63000
403308T|86.05000
403308O|51.63000
453108|64.55000
453208|64.55000
453208O|64.55000
453308|59.19000
453308T|84.56000
453308O|59.19000
403110|61.07000
403110T|87.25000
403110O|61.07000
403210|61.07000
403210T|87.25000
403210O|61.07000
403310|56.43000
403310T|80.62000
403310O|56.43000
453110|68.71000
453110T|98.17000
453110O|68.71000
453210|68.71000
453210O|68.71000
453310|64.55000
453310T|92.22000
453310O|64.55000
4031012|85.10000
4031012T|121.58000
4031012O|85.10000
403212|85.10000
403212T|121.58000
403312|78.50000
45311224|97.98000
45321224|97.98000
45321224O|97.98000
45331224|90.60000
45331224T|129.44000
45331225O|90.60000
403114|64.55000
403114T|92.22000
403114O|64.55000
403214|64.55000
403214T|92.22000
403214O|64.55000
403314|59.19000
403314T|84.56000
403314O|59.19000
453114|64.55000
453114T|92.22000
453114O|64.55000
453214|64.55000
453214T|92.22000
453214O|64.55000
453314|59.19000
453314T|84.56000
453314O|59.19000
4031516|74.47000
4031516T|106.40000
4031516O|74.47000
4032516|74.47000
4032516T|106.40000
4032516O|74.47000
4032516SP|0.00001
4033516|69.99000
4033516O|69.99000
4531516|74.47000
4531516T|106.40000
4531516O|74.47000
4532516|74.47000
4532516T|106.40000
4532516O|74.47000
4533516|69.99000
4533516T|99.99000
4533516O|69.99000
403138|82.05000
403138T|117.22000
403138O|82.05000
403238|82.05000
403238T|117.22000
403238O|82.05000
403338|77.16000
403338O|77.16000
453138|82.05000
453138T|117.22000
453138O|82.05000
453238|82.05000
453238T|117.22000
453238O|82.05000
453338|77.16000
453338T|110.24000
453338O|77.16000
4531716|94.17000
4531716T|134.54000
4531716O|94.17000
4532716|94.17000
4532716T|134.54000
4532716O|94.17000
4533716|87.16000
4533716T|124.53000
4533716O|87.16000
453112|121.06000
453112T|172.96000
453112O|121.06000
453212|121.06000
453212T|172.96000
453212O|121.06000
453312|112.33000
453312T|160.48000
453312O|112.33000
4531916|156.94000
4531916O|156.94000
4532916|156.94000
4532916T|224.22000
4532916O|156.94000
453158|182.09000
453158O|182.09000
453258|182.09000
453258T|260.14000
453258O|182.09000
453358|167.77000
453358T|239.69000
453358O|167.77000
453134|280.86000
453134T|401.26000
453134O|280.86000
453234|280.86000
453234T|401.26000
453234O|280.86000
453334|259.98000
453334T|371.42000
453334O|259.98000
453178|348.07000
453178T|497.28000
453178O|348.07000
453278|348.07000
453278T|497.28000
453278O|348.07000
453378|322.66000
453378T|460.98000
453378O|322.66000
453101|455.17000
453201|455.17000
453201T|455.17000
453201O|455.17000
453301|421.52000
4531118|560.81000
4532118|560.81000
4532118O|560.81000
4533118|532.22000
4531114|659.39000
4532114|659.39000
4532114O|659.39000
4533114|656.64000
404105|55.52000
404105O|55.52000
404205|55.52000
404205O|55.52000
404305|51.63000
404305T|73.76000
404305O|51.63000
454105|64.55000
454205|64.55000
454205O|64.55000
454305|59.19000
454305T|84.56000
454305O|84.56000
404108|55.42000
404208|55.42000
404208O|55.42000
404308|51.63000
404308T|76.76000
404308O|51.63000
454108|64.55000
454208|64.55000
454308|59.19000
454308T|84.56000
454308O|59.19000
404110|61.07000
404110T|87.25000
404110O|61.07000
404210|61.07000
404210T|87.25000
404210O|61.07000
404310|56.43000
404310T|80.62000
404310O|56.43000
454110|68.71000
454110T|98.17000
454110O|68.71000
454210|68.71000
454210O|68.71000
454310|64.55000
454310T|92.22000
454310O|64.55000
40411228|85.10000
40411228t|121.58000
40411228o|85.10000
40421228|85.10000
40431228|78.50000
40431228t|112.15000
40431228o|78.50000
45411228|97.98000
45411228t|139.98000
45411228o|97.98000
45421228|97.98000
45421228t|139.98000
45421228o|97.98000
45431228|90.60000
45431228t|129.44000
45431228o|90.60000
404114|64.55000
404114O|64.55000
404214|64.55000
404214T|92.22000
404214O|64.55000
404314|59.19000
404314T|84.56000
404314O|59.19000
454114|64.55000
454114T|92.22000
454114O|64.55000
454214|64.55000
454214T|92.22000
454214O|64.55000
454314|59.19000
454314T|84.56000
454314O|59.19000
4041516|74.47000
4041516T|124.40000
4041516O|74.47000
4042516|74.47000
4042516T|124.40000
4042516O|74.47000
4043516|69.99000
4043516T|99.99000
4043516O|69.99000
4541516|74.47000
4541516O|74.47000
4542516|74.47000
4542516T|106.40000
4542516O|74.47000
4543516|69.99000
4543516T|99.99000
4543516O|69.99000
404138|82.05000
404138T|117.22000
404138O|82.05000
404238|82.05000
404238T|117.22000
404238O|82.05000
404338|73.85000
404338T|105.50000
404338O|73.85000
454138|82.05000
454138T|117.22000
454138O|82.05000
454238|82.05000
454238T|117.22000
454238O|82.05000
454338|77.16000
454338T|110.24000
454338O|77.16000
4541716|94.17000
4541716T|134.54000
4541716O|94.17000
4542716|94.17000
4542716T|134.54000
4542716O|94.17000
4543716|87.16000
4543716T|124.53000
4543716O|87.16000
454112|121.06000
454112T|172.96000
454112O|121.06000
454212|121.06000
454212T|172.96000
454212O|121.06000
454312|112.33000
454312T|160.48000
454312O|112.33000
4541916|156.94000
4541916O|156.94000
4542916|156.94000
4542916T|224.22000
4542916O|156.94000
4543916|145.32000
4543916O|145.32000
454158|182.09000
454158T|260.14000
454158O|182.09000
454258|182.09000
454258T|260.14000
454258O|182.09000
454358|167.77000
454358T|260.14000
454358O|167.77000
454134|280.86000
454134T|401.26000
454134O|280.86000
454234|280.86000
454234O|280.86000
454334|259.98000
454334T|371.42000
454334O|259.98000
454178|348.07000
454178O|348.07000
454278|348.07000
454278T|497.28000
454278O|650.29000
454378|322.66000
454378T|460.98000
454378O|322.66000
454101|455.17000
454201|455.17000
454301|421.52000
4541118|560.81000
4542118|560.81000
4543118|532.22000
4541114|659.39000
4542114|659.39000
4543114|626.64000
405118|55.52000
405118O|55.52000
405218|55.52000
405218T|73.76000
405218O|55.52000
405318|51.63000
405318T|79.32000
405318O|51.63000
455118|55.52000
455218|55.52000
455218O|55.52000
455318|51.63000
4051532|55.52000
4051532O|55.52000
4052532|55.52000
4052532T|79.32000
4052532O|55.52000
4053532|51.63000
4053532T|73.76000
4053532O|51.63000
4552532|64.55000
4051316|61.07000
4051316T|87.25000
4051316O|61.07000
4052316|61.07000
4052316T|87.25000
4052316O|61.07000
4053316|56.43000
4053316T|80.62000
4053316O|56.43000
4551316|61.07000
4551316O|61.07000
4552316|61.07000
4553316|59.19000
4553316T|84.56000
4553316O|59.19000
4051732|85.10000
4051732T|121.58000
4051732O|85.10000
4052732|85.10000
4053732|78.50000
4053732O|78.50000
405114|64.55000
405114T|92.22000
405114O|64.55000
405214|64.55000
405214T|92.22000
405214O|64.55000
405314|59.19000
405314T|84.56000
405314O|59.19000
455114|64.55000
455114T|92.22000
455114O|64.55000
455214|64.55000
455214T|92.22000
455214O|64.55000
455314|59.19000
455314T|84.56000
455314O|59.19000
4051516|74.47000
4051516T|106.40000
4051516O|74.47000
4052516|74.47000
4052516T|106.40000
4052516O|74.47000
4053516|69.99000
4053516T|99.99000
4053516O|69.99000
4551516|74.47000
4551516T|106.40000
4551516O|74.47000
4552516|74.47000
4552516T|106.40000
4552516O|74.47000
4553516|69.99000
4553516T|99.99000
4553516O|69.99000
405138|82.05000
405138T|117.22000
405138O|82.05000
405238|82.05000
405238T|117.22000
405238O|82.05000
405338|77.16000
405338T|110.24000
405338O|77.16000
455138|82.05000
455138T|117.22000
455138O|82.05000
455238|82.05000
455238T|117.22000
455238O|82.05000
455338|77.16000
455338T|110.24000
455338O|77.16000
4551716|94.17000
4551716T|134.54000
4551716O|94.17000
4552716|94.17000
4552716T|134.54000
455716O|94.17000
4553716|87.16000
4553716T|124.83000
4553716O|87.16000
455112|121.06000
455112T|172.96000
455112O|121.06000
455212|121.06000
455212T|172.96000
455212O|121.06000
455312|112.33000
455312T|160.48000
455312O|112.33000
4551916|156.94000
4552916|156.94000
4552916T|224.22000
4552916O|156.94000
455158|182.09000
455158O|182.09000
455258|182.09000
455258T|260.14000
45558O|182.09000
455134|280.86000
455134O|280.86000
455234|280.86000
455234O|280.86000
455334|259.98000
455334T|371.42000
455334O|259.98000
455178|348.07000
455278|348.07000
455278O|348.07000
455378|322.66000
455101|455.17000
455201|455.17000
455301|421.52000
4551118|560.81000
4552118|560.81000
4553118|532.22000
4551114|659.39000
4552114|659.39000
4553114|626.64000
456118|91.80000
456118O|91.80000
456218|91.80000
456218T|131.15000
456218O|91.80000
456318|87.16000
456114|102.53000
456114O|102.53000
456214|102.53000
456214T|146.48000
456214O|102.53000
456314|98.29000
456314O|98.29000
456138|150.99000
456138O|150.99000
456238|150.99000
456238T|215.71000
456238O|150.99000
456338|144.33000
456338O|144.33000
456112|209.56000
456112T|299.39000
456112O|209.56000
456212|209.56000
456212T|299.39000
456312|200.76000
456312T|286.82000
456158|297.28000
456258|297.28000
456358|284.72000
456134|437.12000
456234|437.12000
456234T|624.50000
456234O|437.12000
456334|418.53000
456178|539.37000
456278|539.37000
456378|516.00000
456378T|737.19000
456378O|516.00000
456101|577.42000
456201|577.42000
456201T|824.94000
456301|552.36000
4561114|916.34000
4562114|916.34000
4563114|876.33000
4561112|1.695.28000
4562112|1.695.28000
4563112|1.541.39000
456302|2.300.74000
210316212|5.20000
2103163|6.50000
2103164|8.67000
21014212|6.96000
210143|8.67000
210144|11.63000
210145|14.58000
210146|17.46000
210148|20.61000
210516212|9.83000
2105163|12.17000
2105164|16.25000
2105165|20.36000
2105166|24.42000
2105168|32.63000
210383|16.88000
21038312|19.76000
210384|22.70000
210385|28.50000
210386|34.30000
210388|45.42000
210716312|29.17000
2107164|29.66000
2107166|44.83000
210124|37.29000
210125|46.58000
210126|55.96000
210128|74.54000
210584|69.38000
21058412|62.29000
210585|69.38000
210586|83.33000
210588|105.77000
210345|97.88000
210346|117.70000
210348|156.75000
210785|207.46000
210786|207.46000
210788|211.13000
210016|200.50000
210017|271.66000
210018|342.81000
215316212|11.41000
2153163|13.68000
2153164|13.68000
21514212|14.97000
215143|18.07000
215144|24.02000
215146|36.02000
215148|48.00000
215516212|24.50000
2155163|25.50000
2155164|34.07000
2155166|51.05000
2155168|68.08000
215383|35.72000
21538312|41.71000
215384|47.69000
215385|59.56000
215386|71.49000
215388|95.33000
215716312|54.51000
2157164|65.00000
2157166|93.37000
215124|78.25000
215125|97.81000
215126|117.37000
215128|156.50000
21558412|130.84000
215585|145.40000
215586|174.46000
215588|357.83000
215345|205.02000
215346|246.05000
215348|328.07000
215785|270.98000
215786|328.18000
215788|675.04000
215016|683.18000
215017|731.95000
215018|784.82000
2300260|2.92000
2302560|2.92000
2300360|3.37000
23003100|5.37000
230183|4.70000
2300460|4.11000
23004100|6.85000
2303163|6.52000
2303164|8.66000
23005100|8.04000
23006100|10.11000
23014212|7.24000
230144|10.37000
23007100|12.52000
2305164|14.81000
23008100|15.37000
23009100|20.80000
230383|15.66000
230384|20.92000
230386|31.36000
23010100|21.81000
2307164|25.40000
2307166|44.83000
23012100|28.88000
23012150|43.32000
230124|29.25000
230126|43.69000
23014100|38.36000
23014150|78.60000
230584|47.25000
230586|70.87000
23016100|48.03000
23016150|72.04000
23018100|58.02000
23018150|87.02000
23020100|71.21000
23020150|106.82000
230786|125.53000
2350260|6.25000
23502560|6.25000
23503100|10.00000
235184|10.40000
2350460|8.13000
23504100|13.24000
2353163|14.20000
2353164|19.80000
23505100|15.48000
23506100|19.36000
235144|20.13000
23507100|24.19000
2355164|44.20000
23508100|29.73000
23509100|37.00000
235383|35.54000
235384|46.17000
235386|68.66000
23510100|42.20000
2357164|66.78000
2357166|87.00000
23512100|55.90000
23512150|99.00000
235124|56.52000
235126|83.32000
23514100|74.33000
23514150|127.27000
23515100|86.00000
235584|110.61000
235586|108.90000
23516100|92.91000
23516150|132.21000
23518100|113.46000
23518150|179.13000
23520100|115.36000
23520150|173.04000
235786|286.80000
25012332412|19.43000
2501218412|20.33000
25012186|27.12000
250583325|26.67000
25058185|28.74000
25058186|34.50000
250585325|27.60000
250585326|33.09000
250583165|36.91000
250343325|31.15000
250343326|37.38000
25034185|34.07000
25034186|40.89000
250345325|41.29000
250345326|49.57000
250343165|37.18000
250343166|44.79000
25078186|46.23000
250785326|48.96000
250783166|54.53000
2501186|54.61000
25015326|61.30000
25013166|73.51000
25512332412|30.49000
2551218412|29.64000
25512186|42.59000
255583325|40.00000
25558185|45.15000
25558186|54.18000
255585325|43.26000
255585326|51.91000
25558386|162.08000
25558126|217.50000
255343325|48.89000
255343326|58.66000
25534185|53.51000
25534186|64.19000
255345325|64.86000
255345326|77.81000
255343165|39.93000
255343166|70.32000
25534386|190.00000
25534126|250.00000
25578186|72.58000
255785326|72.58000
255783166|87.25000
25578126|288.33000
255118412|1.00000
2551186|85.74000
25515326|96.25000
25513166|115.41000
2551386|249.68000
2551126|327.50000
24058386|162.08000
24058126|217.50000
24034386|190.00000
24034126|250.00000
24078386|222.08000
24078126|288.33000
2401386|249.88000
2401126|327.50000
24011438612|530.95000
240114126|707.66000
240112386|637.14000
240112126|849.11000
303D0201|33.18000
304D0201|33.18000
305D0201|33.18000
303D0202|33.18000
304D0202|33.18000
305D0202|33.18000
303A0207|33.18000
304A0207|33.18000
305A0207|33.18000
303G0207|33.18000
304G0207|33.18000
305G0207|33.18000
303L0207|33.18000
304L0207|33.18000
305L0207|33.18000
303M0207|33.18000
304M0207|33.18000
305M0207|33.18000
303A0210|33.18000
304A0210|33.18000
305A0210|33.18000
303B0210|33.18000
304B0210|33.18000
305B0210|33.18000
303C0210|33.18000
304C0210|33.18000
305C0210|33.18000
303K0302|33.18000
304K0302|33.18000
305K0302|33.18000
303D0302|33.18000
304D0302|33.18000
305D0302|33.18000
303J0303|33.18000
304J0303|33.18000
305J0303|33.18000
303E0307|33.18000
304E0307|33.18000
305E0307|33.18000
303H0307|33.18000
304H0307|33.18000
305H0307|33.18000
303N0307|33.18000
304N0307|33.18000
305N0307|33.18000
303M0311|33.18000
304M0311|33.18000
305M0311|33.18000
303A0313|33.18000
304A0313|33.18000
305A0313|33.18000
303B0313|33.18000
304B0313|33.18000
305B0313|33.18000
303C0313|33.18000
304C0313|33.18000
305C0313|33.18000
303F0313|33.18000
304F0313|33.18000
305F0313|33.18000
303G0313|33.18000
304G0313|33.18000
305G0313|33.18000
303L0313|65.64000
304L0313|65.64000
305L0313|65.64000
303D0403|44.02000
304D0403|44.02000
305D0403|44.02000
303A0413|44.02000
304A0413|44.02000
305A0413|44.02000
303B0413|44.02000
304B0413|44.02000
305B0413|44.02000
303C0413|44.02000
304C0413|44.02000
305C0413|44.02000
303K0603|49.22000
304K0603|49.22000
305K0603|49.22000
303D0605|51.96000
304D0605|51.96000
305D0605|51.96000
303J0605|49.22000
304J0605|49.22000
305J0605|49.22000
303N0607|49.22000
304N0607|49.22000
305N0607|49.22000
303E0610|60.16000
304E0610|60.16000
305E0610|60.16000
303A0616|76.58000
304A0616|76.58000
305A0616|76.58000
303B0616|76.58000
304B0616|76.58000
305B0616|76.58000
303C0616|76.58000
304C0616|76.58000
305C0616|76.58000
303L0616|76.58000
304L0616|76.58000
305L0616|76.58000
303F0618|65.64000
304F0618|65.64000
305F0618|65.64000
303G0618|65.64000
304G0618|65.64000
305G0618|65.64000
303H0618|65.64000
304H0618|65.64000
305H0618|65.64000
303M0618|60.16000
304M0618|60.16000
305M0618|60.16000
303D0807|65.64000
304D0807|65.64000
305D0807|65.64000
303E0813|76.58000
304E0813|76.58000
305E0813|76.58000
303A0820|109.34000
304A0820|109.34000
305A0820|109.34000
303B0820|109.34000
304B0820|109.34000
305B0820|109.34000
303C0820|103.92000
304C0820|103.92000
305C0820|103.92000
303G0820|88.18000
304G0820|88.18000
305G0820|88.18000
303H0820|87.58000
304H0820|87.58000
305H0820|87.58000
303K1005|82.04000
304K1005|82.04000
305K1005|82.04000
303D1009|82.05000
304D1009|82.05000
305D1009|82.05000
303J1009|84.78000
304J1009|84.78000
305J1009|84.78000
303E1016|103.92000
304E1016|103.92000
305E1016|103.92000
303A1020|131.29000
304A1020|131.29000
305A1020|131.29000
303B1020|131.29000
304B1020|131.29000
305B1020|131.29000
303C1020|123.09000
304C1020|123.09000
305C1020|123.09000
303F1020|109.40000
304F1020|109.40000
305F1020|109.40000
303G1020|98.46000
304G1020|98.46000
305G1020|98.46000
303M1020|90.27000
304M1020|90.27000
305M1020|90.27000
303H1025|114.86000
304H1025|114.86000
305H1025|114.86000
303L1025|103.92000
304L1025|103.92000
305L1025|103.92000
303K1206|109.40000
304K1206|109.40000
305K1206|109.40000
303D1210|109.40000
304D1210|109.40000
305D1210|109.40000
303J1210|109.40000
304J1210|109.40000
305J1210|109.40000
303N1213|131.29000
304N1213|131.29000
305N1213|131.29000
303E1220|142.23000
304E1220|142.23000
305E1220|142.23000
303A1225|164.10000
304A1225|164.10000
305A1225|164.10000
303B1225|164.10000
304B1225|164.10000
305B1225|164.10000
303C1225|169.56000
304C1225|169.56000
305C1225|169.56000
303F1225|142.22000
304F1225|142.22000
305F1225|142.22000
303G1225|135.74000
304G1225|135.74000
305G1225|135.74000
303M1225|120.35000
304M1225|120.35000
305M1225|120.35000
303L1228|142.22000
304L1228|142.22000
305L1228|142.22000
303H1232|169.56000
304H1232|169.56000
305H1232|169.56000
303K1608|235.20000
304K1608|235.20000
305K1608|235.20000
303J1613|240.69000
304J1613|240.69000
305J1613|240.69000
303D1614|240.69000
304D1614|240.69000
305D1614|240.69000
303N1616|240.69000
304N1616|268.02000
305N1616|268.02000
303A1625|268.02000
304A1625|284.44000
305A1625|284.44000
303B1625|284.44000
304B1625|284.44000
305B1625|284.44000
303C1625|284.44000
304C1625|284.44000
305C1625|284.44000
303E1625|278.96000
304E1625|278.96000
305E1625|278.96000
303F1625|257.08000
304F1625|257.08000
305F1625|257.08000
303G1625|257.08000
304G1625|257.08000
305G1625|257.08000
303M1625|235.20000
304M1625|235.20000
305M1625|235.20000
303L1633|262.57000
304L1633|262.57000
305L1633|262.57000
303H1636|273.51000
304H1636|273.51000
305H1636|273.51000
305D1917|284.44000