33936|2.66 |2.66|55
33937|2.66 |2.66|55
33938|2.66 |2.66|55
33939|2.55 |2.55|55
33940|2.14 |2.14|55
33941|1.66 |1.66|55
33942|1.66 |1.66|55
33943|1.66 |1.66|55
33944|1.66 |1.66|55
33945|1.66 |1.66|55
33946|1.66 |1.66|55
33947|1.32 |1.32|55
33948|1.32 |1.32|55
33949|1.32 |1.32|55
33950|1.32 |1.32|55
33951|1.32 |1.32|55
33952|1.07 |1.07|55
33953|1.07 |1.07|55
33954|1.07 |1.07|55
33955|1.07 |1.07|55
33956|1.07 |1.07|55
33957|0.94 |0.94|55
33958|0.94 |0.94|55
33959|0.94 |0.94|55
33960|0.94 |0.94|55
33961|0.94 |0.94|55
33962|0.94 |0.94|55
33963|1.08 |1.08|55
33964|1.08 |1.08|55
33965|1.08 |1.08|55
33966|1.08 |1.08|55
33967|0.98 |0.98|55
33968|1.22 |1.22|55
33969|1.22 |1.22|55
33970|1.22 |1.22|55
33971|1.22 |1.22|55
33972|1.01 |1.01|55
33973|1.26 |1.26|55
33974|1.26 |1.26|55
33975|1.26 |1.26|55
33976|1.26 |1.26|55
33977|1.16 |1.16|55
33978|1.46 |1.46|55
33979|1.46 |1.46|55
33980|1.46 |1.46|55
33981|1.46 |1.46|55
33982|1.26 |1.26|55
33983|1.58 |1.58|55
33984|1.58 |1.58|55
33985|1.58 |1.58|55
33986|1.58 |1.58|55
33987|1.34 |1.34|55
33988|1.68 |1.68|55
33989|1.68 |1.68|55
33990|1.68 |1.68|55
33991|1.68 |1.68|55
33992|1.55 |1.55|55
33993|1.94 |1.94|55
33994|1.94 |1.94|55
33995|1.94 |1.94|55
33996|1.94 |1.94|55
33997|1.9 |1.9|55
33998|2.37 |2.37|55
33999|2.37 |2.37|55
34000|2.37 |2.37|55
34001|2.37 |2.37|55
34002|2.04 |2.04|55
34003|2.54 |2.54|55
34004|2.54 |2.54|55
34005|2.54 |2.54|55
34006|2.54 |2.54|55
34007|2.36 |2.36|55
34008|2.95 |2.95|55
34009|2.95 |2.95|55
34010|2.95 |2.95|55
34011|2.95 |2.95|55
34012|2.53 |2.53|55
34013|3.17 |3.17|55
34014|3.17 |3.17|55
34015|3.17 |3.17|55
34016|3.17 |3.17|55
34017|3.03 |3.03|55
34018|3.79 |3.79|55
34019|3.79 |3.79|55
34020|3.79 |3.79|55
34021|3.79 |3.79|55
34022|3.51 |3.51|55
34023|4.39 |4.39|55
34024|4.39 |4.39|55
34025|4.39 |4.39|55
34026|4.39 |4.39|55
34027|4.19 |4.19|55
34028|5.25 |5.25|55
34029|5.25 |5.25|55
34030|5.25 |5.25|55
34031|5.25 |5.25|55
34032|4.83 |4.83|55
34033|6.04 |6.04|55
34034|6.04 |6.04|55
34035|6.04 |6.04|55
34036|6.04 |6.04|55
34037|5.37 |5.37|55
34038|6.72 |6.72|55
34039|6.72 |6.72|55
34040|6.72 |6.72|55
34041|6.72 |6.72|55
34042|5.85 |5.85|55
34043|7.38 |7.38|55
34044|7.38 |7.38|55
34045|7.38 |7.38|55
34046|7.38 |7.38|55
34047|6.39 |6.39|55
34048|7.98 |7.98|55
34049|7.98 |7.98|55
34050|7.98 |7.98|55
34051|7.98 |7.98|55
34052|6.77 |6.77|55
34053|8.45 |8.45|55
34054|8.45 |8.45|55
34055|8.45 |8.45|55
34056|8.45 |8.45|55
34057|7.17 |7.17|55
34058|8.95 |8.95|55
34059|8.95 |8.95|55
34060|8.95 |8.95|55
34061|8.95 |8.95|55
34062|20.33 |20.33|55
34063|20.33 |20.33|55
34064|20.33 |20.33|55
34065|22.68 |22.68|55
34066|22.68 |22.68|55
34067|20.33 |20.33|55
34068|22.68 |22.68|55
34069|22.9 |22.9|55
34070|22.9 |22.9|55
34071|22.9 |22.9|55
34072|22.9 |22.9|55
34073|25.51 |25.51|55
34074|25.51 |25.51|55
34075|28.33 |28.33|55
34076|28.33 |28.33|55
34077|28.33 |28.33|55
34078|31.64 |31.64|55
34079|31.64 |31.64|55
34080|34.94 |34.94|55
34081|34.94 |34.94|55
34082|38.98 |38.98|55
34083|38.98 |38.98|55
34084|43.25 |43.25|55
34085|43.25 |43.25|55
34086|55.54 |55.54|55
34087|55.54 |55.54|55
34088|61.1 |61.1|55
34089|61.1 |61.1|55
34090|66.22 |66.22|55
34091|66.22 |66.22|55
34092|73.91 |73.91|55
34093|73.91 |73.91|55
34094|79.47 |79.47|55
34095|79.47 |79.47|55
34096|2.51 |2.51|55
34097|1.66 |1.66|55
34098|1.32 |1.32|55
34099|1.07 |1.07|55
34100|1.07 |1.07|55
34101|0.94 |0.94|55
34102|0.9 |0.9|55
34103|0.98 |0.98|55
34104|1.01 |1.01|55
34105|1.16 |1.16|55
34106|1.26 |1.26|55
34107|1.26 |1.26|55
34108|1.34 |1.34|55
34109|1.55 |1.55|55
34110|1.9 |1.9|55
34111|2.04 |2.04|55
34112|2.36 |2.36|55
34113|2.53 |2.53|55
34114|2.53 |2.53|55
34115|3.03 |3.03|55
34116|3.51 |3.51|55
34117|4.19 |4.19|55
34118|4.19 |4.19|55
34119|5.25 |5.25|55
34120|5.37 |5.37|55
34121|6.72 |6.72|55
34122|5.91 |5.91|55
34123|6.39 |6.39|55
34124|6.8 |6.8|55
34125|8.45 |8.45|55
34126|7.17 |7.17|55
34127|20.33 |20.33|55
34128|25.51 |25.51|55
34129|28.33 |28.33|55
34130|34.94 |34.94|55
34131|43.25 |43.25|55
34132|55.54 |55.54|55
34133|51.36 |51.36|55
34134|73.91 |73.91|55
34135|86.74 |86.74|55
34331|2.66 |2.66|55
34332|2.66 |2.66|55
34333|2.66 |2.66|55
34334|2.55 |2.55|55
34335|2.14 |2.14|55
34336|1.66 |1.66|55
34337|1.66 |1.66|55
34338|1.66 |1.66|55
34339|1.66 |1.66|55
34340|1.66 |1.66|55
34341|1.66 |1.66|55
34342|1.32 |1.32|55
34343|1.32 |1.32|55
34344|1.32 |1.32|55
34345|1.32 |1.32|55
34346|1.32 |1.32|55
34347|1.07 |1.07|55
34348|1.07 |1.07|55
34349|1.07 |1.07|55
34350|1.07 |1.07|55
34351|1.07 |1.07|55
34352|1.07 |1.07|55
34353|0.94 |0.94|55
34354|0.94 |0.94|55
34355|0.94 |0.94|55
34356|0.94 |0.94|55
34357|0.94 |0.94|55
34358|0.94 |0.94|55
34359|0.94 |0.94|55
34360|1.08 |1.08|55
34361|1.08 |1.08|55
34362|1.08 |1.08|55
34363|1.08 |1.08|55
34364|1.08 |1.08|55
34365|0.98 |0.98|55
34366|1.22 |1.22|55
34367|1.22 |1.22|55
34368|1.22 |1.22|55
34369|1.22 |1.22|55
34370|1.22 |1.22|55
34371|1.01 |1.01|55
34372|1.26 |1.26|55
34373|1.26 |1.26|55
34374|1.26 |1.26|55
34375|1.26 |1.26|55
34376|1.26 |1.26|55
34377|1.16 |1.16|55
34378|1.46 |1.46|55
34379|1.46 |1.46|55
34380|1.46 |1.46|55
34381|1.46 |1.46|55
34382|1.46 |1.46|55
34383|1.26 |1.26|55
34384|1.58 |1.58|55
34385|1.58 |1.58|55
34386|1.58 |1.58|55
34387|1.58 |1.58|55
34388|1.58 |1.58|55
34389|1.34 |1.34|55
34390|1.68 |1.68|55
34391|1.68 |1.68|55
34392|1.68 |1.68|55
34393|1.68 |1.68|55
34394|1.68 |1.68|55
34395|1.55 |1.55|55
34396|1.94 |1.94|55
34397|1.94 |1.94|55
34398|1.94 |1.94|55
34399|1.94 |1.94|55
34400|1.9 |1.9|55
34401|2.37 |2.37|55
34402|2.37 |2.37|55
34403|2.37 |2.37|55
34404|2.37 |2.37|55
34405|2.37 |2.37|55
34406|2.04 |2.04|55
34407|2.54 |2.54|55
34408|2.54 |2.54|55
34409|2.54 |2.54|55
34410|2.54 |2.54|55
34411|2.54 |2.54|55
34412|2.36 |2.36|55
34413|2.95 |2.95|55
34414|2.95 |2.95|55
34415|2.95 |2.95|55
34416|2.95 |2.95|55
34417|2.95 |2.95|55
34418|2.53 |2.53|55
34419|3.17 |3.17|55
34420|3.17 |3.17|55
34421|3.17 |3.17|55
34422|3.17 |3.17|55
34423|3.17 |3.17|55
34424|3.03 |3.03|55
34425|3.79 |3.79|55
34426|3.79 |3.79|55
34427|3.79 |3.79|55
34428|3.79 |3.79|55
34429|3.79 |3.79|55
34430|3.51 |3.51|55
34431|4.39 |4.39|55
34432|4.39 |4.39|55
34433|4.39 |4.39|55
34434|4.39 |4.39|55
34435|4.39 |4.39|55
34436|4.19 |4.19|55
34437|5.25 |5.25|55
34438|5.25 |5.25|55
34439|5.25 |5.25|55
34440|5.25 |5.25|55
34441|5.25 |5.25|55
34442|4.83 |4.83|55
34443|6.04 |6.04|55
34444|6.04 |6.04|55
34445|6.04 |6.04|55
34446|6.04 |6.04|55
34447|5.37 |5.37|55
34448|6.72 |6.72|55
34449|6.72 |6.72|55
34450|6.72 |6.72|55
34451|6.72 |6.72|55
34452|6.72 |6.72|55
34453|5.85 |5.85|55
34454|7.38 |7.38|55
34455|7.38 |7.38|55
34456|7.38 |7.38|55
34457|7.38 |7.38|55
34458|7.38 |7.38|55
34459|6.39 |6.39|55
34460|7.98 |7.98|55
34461|7.98 |7.98|55
34462|7.98 |7.98|55
34463|7.98 |7.98|55
34464|7.98 |7.98|55
34465|6.77 |6.77|55
34466|8.45 |8.45|55
34467|8.45 |8.45|55
34468|8.45 |8.45|55
34469|8.45 |8.45|55
34470|8.45 |8.45|55
34471|7.17 |7.17|55
34472|8.95 |8.95|55
34473|8.95 |8.95|55
34474|8.95 |8.95|55
34475|8.95 |8.95|55
34476|8.95 |8.95|55
34477|20.33 |20.33|55
34478|20.33 |20.33|55
34479|20.33 |20.33|55
34480|22.68 |22.68|55
34481|22.68 |22.68|55
34482|20.33 |20.33|55
34483|22.68 |22.68|55
34484|22.9 |22.9|55
34485|22.9 |22.9|55
34486|22.9 |22.9|55
34487|22.9 |22.9|55
34488|25.51 |25.51|55
34489|25.51 |25.51|55
34490|28.33 |28.33|55
34491|28.33 |28.33|55
34492|31.64 |31.64|55
34493|31.64 |31.64|55
34494|34.94 |34.94|55
34495|34.94 |34.94|55
34496|38.98 |38.98|55
34497|38.98 |38.98|55
34498|43.25 |43.25|55
34499|43.25 |43.25|55
34500|55.54 |55.54|55
34501|55.54 |55.54|55
34502|61.1 |61.1|55
34503|61.1 |61.1|55
34504|66.22 |66.22|55
34505|66.22 |66.22|55
34506|73.91 |73.91|55
34507|73.91 |73.91|55
34508|79.47 |79.47|55
34509|79.47 |79.47|55
34510|2.51 |2.51|55
34511|1.66 |1.66|55
34512|1.32 |1.32|55
34513|1.07 |1.07|55
34514|1.07 |1.07|55
34515|0.94 |0.94|55
34516|0.9 |0.9|55
34517|0.98 |0.98|55
34518|1.01 |1.01|55
34519|1.16 |1.16|55
34520|1.26 |1.26|55
34521|1.26 |1.26|55
34522|1.34 |1.34|55
34523|1.55 |1.55|55
34524|1.9 |1.9|55
34525|2.04 |2.04|55
34526|2.36 |2.36|55
34527|2.53 |2.53|55
34528|2.53 |2.53|55
34529|3.03 |3.03|55
34530|3.51 |3.51|55
34531|4.19 |4.19|55
34532|4.19 |4.19|55
34533|5.25 |5.25|55
34534|5.37 |5.37|55
34535|6.72 |6.72|55
34536|5.91 |5.91|55
34537|6.39 |6.39|55
34538|6.8 |6.8|55
34539|8.45 |8.45|55
34540|7.17 |7.17|55
34541|20.33 |20.33|55
34542|25.51 |25.51|55
34543|28.33 |28.33|55
34544|34.94 |34.94|55
34545|43.25 |43.25|55
34546|55.54 |55.54|55
34547|51.36 |51.36|55
34548|73.91 |73.91|55
34549|86.74 |86.74|55
34136|3.06 |3.06|55
34137|3.37 |3.37|55
34138|3.37 |3.37|55
34139|3.06 |3.06|55
34140|3.37 |3.37|55
34141|3.21 |3.21|55
34142|3.37 |3.37|55
34143|3.37 |3.37|55
34144|4.13 |4.13|55
34145|3.44 |3.44|55
34146|4.13 |4.13|55
34147|3.89 |3.89|55
34148|4.24 |4.24|55
34149|4.24 |4.24|55
34150|4.67 |4.67|55
34151|4.67 |4.67|55
34152|5.57 |5.57|55
34153|6.16 |6.16|55
34154|6.16 |6.16|55
34155|6.8 |6.8|55
34156|6.8 |6.8|55
34157|6.8 |6.8|55
34158|7.79 |7.79|55
34159|7.79 |7.79|55
34160|8.44 |8.44|55
34161|8.44 |8.44|55
34162|10.37 |10.37|55
34163|11.51 |11.51|55
34164|11.89 |11.89|55
34165|14.38 |14.38|55
34166|15.34 |15.34|55
34167|15.82 |15.82|55
34168|16.16 |16.16|55
34169|16.5 |16.5|55
34170|17.26 |17.26|55
34171|36.41 |36.41|55
34172|19.95 |19.95|55
34173|20.45 |20.45|55
34174|24.56 |24.56|55
34175|24.56 |24.56|55
34176|25.6 |25.6|55
34177|28.01 |28.01|55
34178|32.12 |32.12|55
34179|42.61 |42.61|55
34550|3.37 |3.37|55
34551|3.89 |3.89|55
34552|4.24 |4.24|55
34553|5.57 |5.57|55
34554|6.16 |6.16|55
34555|6.8 |6.8|55
34556|7.79 |7.79|55
34557|8.44 |8.44|55
34558|10.37 |10.37|55
34559|11.51 |11.51|55
34560|11.89 |11.89|55
34561|14.38 |14.38|55
34562|15.34 |15.34|55
34563|15.82 |15.82|55
34564|16.16 |16.16|55
34565|16.5 |16.5|55
34566|17.26 |17.26|55
34567|19.95 |19.95|55
34568|20.45 |20.45|55
34569|25.6 |25.6|55
34570|28.01 |28.01|55
34180|21.2 |21.2|55
34181|20.61 |20.61|55
34182|21.2 |21.2|55
34183|21.2 |21.2|55
34184|21.2 |21.2|55
34185|22.25 |22.25|55
34186|23.62 |23.62|55
34187|23.38 |23.38|55
34188|23.8 |23.8|55
34189|24.13 |24.13|55
34190|24.34 |24.34|55
34191|24.75 |24.75|55
34192|27.99 |27.99|55
34193|27.99 |27.99|55
34194|31.03 |31.03|55
34195|31.03 |31.03|55
34196|32.63 |32.63|55
34197|32.63 |32.63|55
34198|37.3 |37.3|55
34199|37.3 |37.3|55
34200|40.39 |40.39|55
34201|40.39 |40.39|55
34202|43.62 |43.62|55
34203|43.62 |43.62|55
34204|46.62 |46.62|55
34205|46.62 |46.62|55
34206|51.3 |51.3|55
34207|51.3 |51.3|55
34208|55.59 |55.59|55
34209|55.59 |55.59|55
34210|62.04 |62.04|55
34211|62.04 |62.04|55
34212|66.71 |66.71|55
34213|66.71 |66.71|55
34214|72.81 |72.81|55
34215|72.81 |72.81|55
34216|74.77 |74.77|55
34217|80.52 |80.52|55
34218|88.24 |88.24|55
34219|88.24 |88.24|55
34220|96.14 |96.14|55
34221|96.14 |96.14|55
34222|102.23 |102.23|55
34223|102.23 |102.23|55
34224|111.55 |111.55|55
34225|111.56 |111.56|55
34226|117.83 |117.83|55
34227|122.74 |122.74|55
34228|131.83 |131.83|55
34229|131.83 |131.83|55
34230|139.52 |139.52|55
34231|139.52 |139.52|55
34232|148.85 |148.85|55
34233|148.84 |148.84|55
34234|157.84 |157.84|55
34235|157.84 |157.84|55
34236|167.51 |167.51|55
34237|167.51 |167.51|55
34238|181.11 |181.11|55
34239|181.11 |181.11|55
34240|182.91 |182.91|55
34241|182.91 |182.91|55
34242|193.67 |193.67|55
34243|193.67 |193.67|55
34244|204.43 |204.43|55
34245|204.43 |204.43|55
34246|204.43 |204.43|55
34247|225.95 |225.95|55
34248|225.95 |225.95|55
34249|232.21 |232.21|55
34250|236.43 |236.43|55
34251|236.43 |236.43|55
34252|258.24 |258.24|55
34253|258.24 |258.24|55
34254|276.16 |276.16|55
34255|276.16 |276.16|55
34256|276.16 |276.16|55
34257|297.68 |297.68|55
34258|297.68 |297.68|55
34259|312.03 |312.03|55
34260|312.82 |312.82|55
34261|312.21 |312.21|55
34262|332.92 |332.92|55
34263|332.92 |332.92|55
34264|379.41 |379.41|55
34265|410.65 |410.65|55
34266|416.97 |416.97|55
34267|440.21 |440.21|55
34268|465.26 |465.26|55
34269|483.25 |483.25|55
34270|504.65 |504.65|55
34271|527.22 |527.22|55
34272|549.44 |549.44|55
34273|549.44 |549.44|55
34274|20.61 |20.61|55
34275|23.62 |23.62|55
34276|24.13 |24.13|55
34277|27.99 |27.99|55
34278|31.03 |31.03|55
34279|37.3 |37.3|55
34280|43.62 |43.62|55
34281|46.62 |46.62|55
34282|51.3 |51.3|55
34283|62.04 |62.04|55
34279|37.3 |37.3|55
34285|72.81 |72.81|55
34286|96.14 |96.14|55
34281|46.62 |46.62|55
34288|117.83 |117.83|55
34283|62.04 |62.04|55
34290|148.84 |148.84|55
34291|167.51 |167.51|55
34292|182.91 |182.91|55
34293|193.67 |193.67|55
34294|204.43 |204.43|55
34295|232.21 |232.21|55
34296|258.24 |258.24|55
34297|276.16 |276.16|55
34298|312.03 |312.03|55
34299|332.92 |332.92|55
34300|358.74 |358.74|55
34301|440.21 |440.21|55
34302|483.25 |483.25|55
34303|527.22 |527.22|55
34304|546.7 |546.7|55
34305|549.44 |549.44|55
34571|20.61 |20.61|55
34572|22.25 |22.25|55
34573|23.62 |23.62|55
34574|23.38 |23.38|55
34575|24.13 |24.13|55
34576|24.34 |24.34|55
34577|24.75 |24.75|55
34578|31.03 |31.03|55
34579|31.03 |31.03|55
34580|32.63 |32.63|55
34581|37.3 |37.3|55
34582|40.39 |40.39|55
34583|40.39 |40.39|55
34584|43.62 |43.62|55
34585|43.62 |43.62|55
34586|46.62 |46.62|55
34587|51.3 |51.3|55
34588|62.04 |62.04|55
34589|62.04 |62.04|55
34590|66.71 |66.71|55
34591|72.81 |72.81|55
34592|80.52 |80.52|55
34593|88.24 |88.24|55
34594|96.14 |96.14|55
34595|102.23 |102.23|55
34596|111.56 |111.56|55
34597|122.74 |122.74|55
34598|131.83 |131.83|55
34599|148.84 |148.84|55
34600|157.84 |157.84|55
34601|167.51 |167.51|55
34602|204.43 |204.43|55
34603|232.21 |232.21|55
34604|297.68 |297.68|55
34306|20.61 |20.61|55
34307|23.62 |23.62|55
34308|24.13 |24.13|55
34309|24.75 |24.75|55
34310|27.99 |27.99|55
34311|32.63 |32.63|55
34312|32.63 |32.63|55
34313|40.39 |40.39|55
34314|43.62 |43.62|55
34315|72.81 |72.81|55
34316|88.24 |88.24|55
34317|102.23 |102.23|55
34318|102.23 |102.23|55
34319|131.83 |131.83|55
34320|167.51 |167.51|55
34321|181.11 |181.11|55
34322|24.13 |24.13|55
34323|27.99 |27.99|55
34324|43.62 |43.62|55
34325|62.04 |62.04|55
34326|72.81 |72.81|55
34327|80.52 |80.52|55
34328|117.83 |117.83|55
34329|139.41 |139.41|55
34330|182.91 |182.91|55
34705|21.28 |21.28|55
34706|21.89 |21.89|55
34707|21.89 |21.89|55
34708|21.89 |21.89|55
34709|29.9 |29.9|55
34710|31.5 |31.5|55
34711|32.8 |32.8|55
34712|35.78 |35.78|55
34713|34.56 |34.56|55
34714|35.1 |35.1|55
34715|41.04 |41.04|55
34716|41.84 |41.84|55
34717|42.34 |42.34|55
34718|43.71 |43.71|55
34719|46.54 |46.54|55
34720|49.44 |49.44|55
34721|50.28 |50.28|55
34722|51.12 |51.12|55
34723|55.16 |55.16|55
34724|57.55 |57.55|55
34725|63.4 |63.4|55
34726|66.7 |66.7|55
34727|78.27 |78.27|55
34728|91.85 |91.85|55
34729|103.84 |103.84|55
34730|107.77 |107.77|55
34731|132.52 |132.52|55
34732|137.06 |137.06|55
34733|177.99 |177.99|55
34734|188.36 |188.36|55
34735|188.36 |188.36|55
34736|201.79 |201.79|55
34737|201.79 |201.79|55
34738|247.81 |247.81|55
34739|261.17 |261.17|55
34605|18.51 |18.51|55
34606|18.51 |18.51|55
34607|18.51 |18.51|55
34608|19.04 |19.04|55
34609|19.04 |19.04|55
34610|19.04 |19.04|55
34611|25.94 |25.94|55
34612|26.67 |26.67|55
34613|27.07 |27.07|55
34614|27.4 |27.4|55
34615|28.39 |28.39|55
34616|28.53 |28.53|55
34617|28.99 |28.99|55
34618|29.45 |29.45|55
34619|30.58 |30.58|55
34620|31.11 |31.11|55
34621|30.05 |30.05|55
34622|30.52 |30.52|55
34623|30.98 |30.98|55
34624|32.17 |32.17|55
34625|32.7 |32.7|55
34626|32.97 |32.97|55
34627|33.5 |33.5|55
34628|34.1 |34.1|55
34629|35.69 |35.69|55
34630|36.29 |36.29|55
34631|41.84 |41.84|55
34632|36.82 |36.82|55
34633|37.41 |37.41|55
34634|38.02 |38.02|55
34635|40,00 |40,00|55
34636|40.47 |40.47|55
34637|41.13 |41.13|55
34638|41.86 |41.86|55
34639|42.59 |42.59|55
34640|43.32 |43.32|55
34641|42.99 |42.99|55
34642|43.72 |43.72|55
34643|44.45 |44.45|55
34644|45.18 |45.18|55
34645|45.97 |45.97|55
34646|47.96 |47.96|55
34647|50.04 |50.04|55
34648|52.32 |52.32|55
34649|55.13 |55.13|55
34650|55.73 |55.73|55
34651|56.46 |56.46|55
34652|57.09 |57.09|55
34653|58,00 |58,00|55
34654|58.68 |58.68|55
34655|59.93 |59.93|55
34656|61.1 |61.1|55
34657|62.32 |62.32|55
34658|64.42 |64.42|55
34659|66.87 |66.87|55
34660|67.55 |67.55|55
34661|68.06 |68.06|55
34662|70.51 |70.51|55
34663|72.1 |72.1|55
34664|73.69 |73.69|55
34665|76.88 |76.88|55
34666|79.87 |79.87|55
34667|90.3 |90.3|55
34668|93.71 |93.71|55
34669|96.92 |96.92|55
34670|97.81 |97.81|55
34671|98.38 |98.38|55
34672|100.37 |100.37|55
34673|102.11 |102.11|55
34674|102.85 |102.85|55
34675|103.82 |103.82|55
34676|104.95 |104.95|55
34677|108.62 |108.62|55
34678|110.31 |110.31|55
34679|113.31 |113.31|55
34680|113.75 |113.75|55
34681|115.23 |115.23|55
34682|119.18 |119.18|55
34683|122.52 |122.52|55
34684|124.82 |124.82|55
34685|127.9 |127.9|55
34686|131.55 |131.55|55
34687|136.24 |136.24|55
34688|139.2 |139.2|55
34689|144.43 |144.43|55
34690|149.21 |149.21|55
34691|154.77 |154.77|55
34692|163.79 |163.79|55
34693|163.79 |163.79|55
34694|163.79 |163.79|55
34695|163.79 |163.79|55
34696|163.79 |163.79|55
34697|175.47 |175.47|55
34698|175.47 |175.47|55
34699|175.47 |175.47|55
34700|175.47 |175.47|55
34701|175.47 |175.47|55
34702|175.47 |175.47|55
34703|225.29 |225.29|55
34704|225.29 |225.29|55
34740|20.36 |20.36|55
34741|31.23 |31.23|55
34742|34.08 |34.08|55
34743|36.27 |36.27|55
34744|41.82 |41.82|55
34745|126.76 |126.76|55
34746|193.01 |193.01|55
33904|0.96 |0.96|55
33905|0.96 |0.96|55
33906|0.96 |0.96|55
33907|1.07 |1.07|55
33908|1.16 |1.16|55
33909|1.3 |1.3|55
33910|1.36 |1.36|55
33911|1.39 |1.39|55
33912|1.79 |1.79|55
33913|2.05 |2.05|55
33914|2.19 |2.19|55
33915|2.4 |2.4|55
33916|2.88 |2.88|55
33917|3.26 |3.26|55
33918|3.87 |3.87|55
33919|5.11 |5.11|55
33920|6.31 |6.31|55
33921|10.73 |10.73|55
33922|12.48 |12.48|55
33923|16.66 |16.66|55
33924|4.63 |4.63|55
33925|4.91 |4.91|55
33926|4.98 |4.98|55
33927|5.52 |5.52|55
33928|5.56 |5.56|55
33929|7.68 |7.68|55
33930|8.26 |8.26|55
33931|9.41 |9.41|55
33932|11.62 |11.62|55
33933|18.59 |18.59|55
33934|19.8 |19.8|55
33935|21.57 |21.57|55
34747|6.55 |6.55|55
34748|6.43 |6.43|55
34749|5.52 |5.52|55
34750|6.18 |6.18|55
34751|6.91 |6.91|55
34752|8,00 |8,00|55
34753|11.52 |11.52|55
34754|17.7 |17.7|55
34755|24.31 |24.31|55
35248|15.79 |15.79|55
35249|58.99 |58.99|55
35250|97.62 |97.62|55
35251|15.79 |15.79|55
35252|99.7 |99.7|55
34911|14.42 |14.42|55
34912|7.35 |7.35|55
34913|7.54 |7.54|55
34914|7.54 |7.54|55
34915|7.38 |7.38|55
34916|7.54 |7.54|55
34917|6.61 |6.61|55
34918|8.15 |8.15|55
34919|6.61 |6.61|55
34920|8.15 |8.15|55
34921|6.61 |6.61|55
34922|9.31 |9.31|55
34923|8.52 |8.52|55
34924|9.31 |9.31|55
34925|8.52 |8.52|55
34926|10,00 |10,00|55
34927|9.15 |9.15|55
34928|10,00 |10,00|55
34929|8.69 |8.69|55
34930|12.54 |12.54|55
34931|11.08 |11.08|55
34932|12.54 |12.54|55
34933|10.3 |10.3|55
34934|17.39 |17.39|55
34935|17.39 |17.39|55
34936|15.77 |15.77|55
34937|15.77 |15.77|55
34938|17.39 |17.39|55
34939|23.85 |23.85|55
34940|20.08 |20.08|55
34941|26.01 |26.01|55
34942|26.01 |26.01|55
34943|40,00 |40,00|55
34944|37.39 |37.39|55
34945|51.56 |51.56|55
34946|47.63 |47.63|55
34947|47.63 |47.63|55
34948|7.38 |7.38|55
34949|6.61 |6.61|55
34950|6.61 |6.61|55
34951|9.31 |9.31|55
34952|8.52 |8.52|55
34953|10,00 |10,00|55
34954|17.39 |17.39|55
34756|23.57 |23.57|55
34757|20.82 |20.82|55
34758|18.21 |18.21|55
34759|18.21 |18.21|55
34760|16.35 |16.35|55
34761|18.21 |18.21|55
34762|16.35 |16.35|55
34763|18.21 |18.21|55
34764|16.35 |16.35|55
34765|18.21 |18.21|55
34766|16.35 |16.35|55
34767|25.05 |25.05|55
34768|22.29 |22.29|55
34769|25.05 |25.05|55
34770|20.8 |20.8|55
34771|25.3 |25.3|55
34772|23.39 |23.39|55
34773|25.3 |25.3|55
34774|23.02 |23.02|55
34775|31.64 |31.64|55
34776|29.98 |29.98|55
34777|31.64 |31.64|55
34778|29.37 |29.37|55
34779|40.49 |40.49|55
34780|40.52 |40.52|55
34781|35.43 |35.43|55
34782|41.26 |41.26|55
34783|40.62 |40.62|55
34784|57.96 |57.96|55
34785|47.48 |47.48|55
34786|67.51 |67.51|55
34787|55.8 |55.8|55
34788|84.19 |84.19|55
34789|84.07 |84.07|55
34790|96.51 |96.51|55
34791|90.36 |90.36|55
34792|90.36 |90.36|55
34793|17.73 |17.73|55
34794|16.42 |16.42|55
34795|16.35 |16.35|55
34796|17.91 |17.91|55
34797|25.14 |25.14|55
34798|26.09 |26.09|55
34799|28.73 |28.73|55
34800|25.24 |25.24|55
34801|25.24 |25.24|55
34802|22.66 |22.66|55
34803|25.24 |25.24|55
34804|22.66 |22.66|55
34805|25.24 |25.24|55
34806|22.66 |22.66|55
34807|25.24 |25.24|55
34808|22.66 |22.66|55
34809|32.12 |32.12|55
34810|30.2 |30.2|55
34811|32.12 |32.12|55
34812|26.49 |26.49|55
34813|31.24 |31.24|55
34814|30.59 |30.59|55
34815|31.24 |31.24|55
34816|29.03 |29.03|55
34817|35.97 |35.97|55
34818|36.84 |36.84|55
34818|36.84 |36.84|55
34820|35.97 |35.97|55
34821|34.1 |34.1|55
34822|45.64 |45.64|55
34823|45.46 |45.46|55
34824|55.97 |55.97|55
34825|55.97 |55.97|55
34826|63.72 |63.72|55
34827|58.54 |58.54|55
34828|80.11 |80.11|55
34829|67.14 |67.14|55
34830|103.29 |103.29|55
34831|92.92 |92.92|55
34832|121.57 |121.57|55
34833|118.02 |118.02|55
34834|96.99 |96.99|55
34835|22.11 |22.11|55
34836|22.11 |22.11|55
34837|19.69 |19.69|55
34838|22.11 |22.11|55
34839|19.69 |19.69|55
34840|22.11 |22.11|55
34841|19.69 |19.69|55
34842|22.11 |22.11|55
34843|19.69 |19.69|55
34844|28.25 |28.25|55
34845|24.59 |24.59|55
34846|28.25 |28.25|55
34847|23.52 |23.52|55
34848|30.13 |30.13|55
34849|29.51 |29.51|55
34850|30.12 |30.12|55
34851|26.09 |26.09|55
34852|32.34 |32.34|55
34853|30.58 |30.58|55
34854|32.34 |32.34|55
34855|30.69 |30.69|55
34856|36.94 |36.94|55
34857|40.16 |40.16|55
34858|37.51 |37.51|55
34859|43.15 |43.15|55
34860|41.67 |41.67|55
34861|54.55 |54.55|55
34862|54.29 |54.29|55
34863|67.95 |67.95|55
34864|57.4 |57.4|55
34865|88.79 |88.79|55
34866|82.81 |82.81|55
34867|98.84 |98.84|55
34868|99.53 |99.53|55
34869|99.53 |99.53|55
34870|23.06 |23.06|55
34871|23.51 |23.51|55
34872|22.58 |22.58|55
34873|19.69 |19.69|55
34874|27.96 |27.96|55
34875|29.31 |29.31|55
34876|30.69 |30.69|55
34877|26.53 |26.53|55
34878|30.94 |30.94|55
34879|24.28 |24.28|55
34880|27.83 |27.83|55
34881|24.28 |24.28|55
34882|27.83 |27.83|55
34883|24.28 |24.28|55
34884|27.81 |27.81|55
34885|24.28 |24.28|55
34886|32.14 |32.14|55
34887|30.23 |30.23|55
34888|32.14 |32.14|55
34889|27.94 |27.94|55
34890|36.64 |36.64|55
34891|36.01 |36.01|55
34892|36.01 |36.01|55
34893|33,00 |33,00|55
34894|38.92 |38.92|55
34895|38.92 |38.92|55
34896|35.71 |35.71|55
34897|47.8 |47.8|55
34898|49.18 |49.18|55
34899|48.76 |48.76|55
34900|67.02 |67.02|55
34901|62.5 |62.5|55
34902|73.95 |73.95|55
34903|68,00 |68,00|55
34904|93.05 |93.05|55
34905|78,00 |78,00|55
34906|131.26 |131.26|55
34907|118.09 |118.09|55
34908|154.49 |154.49|55
34909|149.98 |149.98|55
34910|147.84 |147.84|55
34999|11.08 |11.08|55
35000|11.08 |11.08|55
35001|11.08 |11.08|55
35002|11.08 |11.08|55
35003|11.08 |11.08|55
35004|11.08 |11.08|55
35005|11.08 |11.08|55
35006|11.08 |11.08|55
35007|11.08 |11.08|55
35008|13.28 |13.28|55
35009|13.28 |13.28|55
35010|13.28 |13.28|55
35011|13.28 |13.28|55
35012|13.74 |13.74|55
35013|13.74 |13.74|55
35014|14.6 |14.6|55
35015|14.6 |14.6|55
35016|16.62 |16.62|55
35017|16.62 |16.62|55
35018|16.62 |16.62|55
35019|16.19 |16.19|55
35020|26.08 |26.08|55
35021|27.21 |27.21|55
35022|29.8 |29.8|55
35023|29.8 |29.8|55
35024|36.34 |36.34|55
35025|37.82 |37.82|55
35026|49.65 |49.65|55
35027|49.65 |49.65|55
35028|49.65 |49.65|55
35029|63.49 |63.49|55
35030|63.49 |63.49|55
35031|76.04 |76.04|55
35032|77.93 |77.93|55
34955|7.54 |7.54|55
34956|7.54 |7.54|55
34957|6.69 |6.69|55
34958|7.54 |7.54|55
34959|6.61 |6.61|55
34960|7.54 |7.54|55
34961|6.61 |6.61|55
34962|7.54 |7.54|55
34963|6.61 |6.61|55
34964|9.31 |9.31|55
34965|8.69 |8.69|55
34966|9.31 |9.31|55
34967|8.69 |8.69|55
34968|10.77 |10.77|55
34969|8.69 |8.69|55
34970|10.77 |10.77|55
34971|8.69 |8.69|55
34972|14.1 |14.1|55
34973|11.28 |11.28|55
34974|14.1 |14.1|55
34975|11.28 |11.28|55
34976|17.7 |17.7|55
34977|14,00 |14,00|55
34978|14.29 |14.29|55
34979|15.23 |15.23|55
34980|16.75 |16.75|55
34981|21.14 |21.14|55
34982|21.28 |21.28|55
34983|26.55 |26.55|55
34984|26.55 |26.55|55
34985|33.01 |33.01|55
34986|31.92 |31.92|55
34987|36.04 |36.04|55
34988|40.63 |40.63|55
34989|40.63 |40.63|55
34990|6.69 |6.69|55
34991|6.61 |6.61|55
34992|6.61 |6.61|55
34993|9.31 |9.31|55
34994|8.69 |8.69|55
34995|10.77 |10.77|55
34996|11.28 |11.28|55
34997|14,00 |14,00|55
34998|31.92 |31.92|55
35033|12.61 |12.61|55
35034|12.61 |12.61|55
35035|12.61 |12.61|55
35036|11.83 |11.83|55
35037|10.92 |10.92|55
35038|11.87 |11.87|55
35039|10.92 |10.92|55
35040|11.83 |11.83|55
35041|10.92 |10.92|55
35042|15.32 |15.32|55
35043|15.32 |15.32|55
35044|15.32 |15.32|55
35045|14.83 |14.83|55
35046|16.23 |16.23|55
35047|16.23 |16.23|55
35048|15.5 |15.5|55
35049|15.5 |15.5|55
35050|17.18 |17.18|55
35051|17.18 |17.18|55
35052|17.18 |17.18|55
35053|23.17 |23.17|55
35054|17.18 |17.18|55
35055|23.17 |23.17|55
35056|23.31 |23.31|55
35057|25.03 |25.03|55
35058|25.03 |25.03|55
35059|30.51 |30.51|55
35060|30.51 |30.51|55
35061|37.5 |37.5|55
35062|46.43 |46.43|55
35063|50.83 |50.83|55
35064|50.83 |50.83|55
35065|50.83 |50.83|55
35066|70.61 |70.61|55
35067|70.61 |70.61|55
35068|26.44 |26.44|55
35069|27.78 |27.78|55
35070|31.03 |31.03|55
35071|33.99 |33.99|55
35072|63.67 |63.67|55
35073|46.66 |46.66|55
35074|69.81 |69.81|55
35075|65.76 |65.76|55
35076|92.58 |92.58|55
35077|98.89 |98.89|55
35078|138.59 |138.59|55
35079|198.19 |198.19|55
35080|270.82 |270.82|55
35081|334.96 |334.96|55
35082|389.54 |389.54|55
35083|599.46 |599.46|55
35084|26.58 |26.58|55
35085|27.9 |27.9|55
35086|28.45 |28.45|55
35087|29.85 |29.85|55
35088|31.49 |31.49|55
35089|36.18 |36.18|55
35090|43.56 |43.56|55
35091|49.16 |49.16|55
35092|73.89 |73.89|55
35093|68.35 |68.35|55
35094|95.48 |95.48|55
35095|103.67 |103.67|55
35096|145.82 |145.82|55
35097|208.37 |208.37|55
35098|285.68 |285.68|55
35099|338.31 |338.31|55
35100|378.88 |378.88|55
35101|608.95 |608.95|55
35102|18.7 |18.7|55
35103|19.92 |19.92|55
35104|20.53 |20.53|55
35105|21.87 |21.87|55
35106|23.27 |23.27|55
35107|27.71 |27.71|55
35108|33.99 |33.99|55
35109|39.59 |39.59|55
35110|58.11 |58.11|55
35111|55.99 |55.99|55
35112|78.89 |78.89|55
35113|85.2 |85.2|55
35114|118.03 |118.03|55
35115|169.12 |169.12|55
35116|228.32 |228.32|55
35117|283.64 |283.64|55
35118|397.08 |397.08|55
35119|504.3 |504.3|55
35120|30.4 |30.4|55
35121|32.38 |32.38|55
35122|32.77 |32.77|55
35123|36.79 |36.79|55
35124|39.35 |39.35|55
35125|48.24 |48.24|55
35126|49.28 |49.28|55
35127|84.02 |84.02|55
35128|78.03 |78.03|55
35129|101.74 |101.74|55
35130|111.21 |111.21|55
35131|206.84 |206.84|55
35132|271.83 |271.83|55
35133|366.55 |366.55|55
35134|412.1 |412.1|55
35135|508.6 |508.6|55
35136|695.49 |695.49|55
35177|23.38 |23.38|55
35178|25.66 |25.66|55
35179|29.09 |29.09|55
35180|34.64 |34.64|55
35181|49.5 |49.5|55
35182|72.64 |72.64|55
35183|69.98 |69.98|55
35184|98.61 |98.61|55
35185|106.5 |106.5|55
35186|211.41 |211.41|55
35187|354.55 |354.55|55
35188|122.4 |122.4|55
35189|26.73 |26.73|55
35190|27.49 |27.49|55
35191|30.99 |30.99|55
35192|36.63 |36.63|55
35193|44.77 |44.77|55
35194|51.7 |51.7|55
35195|76.29 |76.29|55
35196|73.04 |73.04|55
35197|102.87 |102.87|55
35198|110.76 |110.76|55
35199|153.96 |153.96|55
35200|220.45 |220.45|55
35201|360.53 |360.53|55
35202|673.56 |673.56|55
35203|48.43 |48.43|55
35204|48.66 |48.66|55
35205|51.7 |51.7|55
35206|57.49 |57.49|55
35207|68.3 |68.3|55
35208|108.53 |108.53|55
35209|155.87 |155.87|55
35210|382.93 |382.93|55
35211|521.3 |521.3|55
35212|35.56 |35.56|55
35213|45.23 |45.23|55
35214|38,00 |38,00|55
35215|40.83 |40.83|55
35216|49.19 |49.19|55
35217|61.6 |61.6|55
35218|139.01 |139.01|55
35219|30.13 |30.13|55
35220|33.05 |33.05|55
35221|34.72 |34.72|55
35222|36.7 |36.7|55
35223|42.49 |42.49|55
35224|82.2 |82.2|55
35225|123.62 |123.62|55
35226|338.52 |338.52|55
35137|24.61 |24.61|55
35138|25.83 |25.83|55
35139|21.38 |21.38|55
35140|21.38 |21.38|55
35141|21.99 |21.99|55
35142|23.39 |23.39|55
35143|24.79 |24.79|55
35144|26.53 |26.53|55
35145|29.3 |29.3|55
35146|31.35 |31.35|55
35147|35.82 |35.82|55
35148|41.36 |41.36|55
35149|41.36 |41.36|55
35150|61.04 |61.04|55
35151|58.43 |58.43|55
35152|82.3 |82.3|55
35153|88.61 |88.61|55
35154|104.64 |104.64|55
35155|123.17 |123.17|55
35156|176.36 |176.36|55
35157|238.9 |238.9|55
35158|288.43 |288.43|55
35159|476.76 |476.76|55
35160|585.71 |585.71|55
35227|25.16 |25.16|55
35228|27.52 |27.52|55
35229|34.47 |34.47|55
35230|42.14 |42.14|55
35231|48.66 |48.66|55
35232|96.83 |96.83|55
35233|104.25 |104.25|55
35234|207.48 |207.48|55
35161|38.74 |38.74|55
35162|38.92 |38.92|55
35163|59.38 |59.38|55
35164|41.36 |41.36|55
35165|45.99 |45.99|55
35166|50.12 |50.12|55
35167|54.64 |54.64|55
35168|93.99 |93.99|55
35169|86.83 |86.83|55
35170|123.32 |123.32|55
35171|124.7 |124.7|55
35172|234.78 |234.78|55
35173|306.34 |306.34|55
35174|417.04 |417.04|55
35175|458.01 |458.01|55
35176|773.47 |773.47|55
35235|58.65 |58.65|55
35236|102.15 |102.15|55
35237|146.7 |146.7|55
35238|23.43 |23.43|55
35239|27.38 |27.38|55
35240|32.61 |32.61|55
35241|100.23 |100.23|55
35242|198.97 |198.97|55
35243|43.29 |43.29|55
35244|57.98 |57.98|55
35245|31.1 |31.1|55
35246|39.99 |39.99|55
35247|77.36 |77.36|55
36447|17.38 |17.38|55
36450|17.38 |17.38|55
36454|18.8 |18.8|55
36457|26.76 |26.76|55
36460|20.17 |20.17|55
36463|24.08 |24.08|55
36466|29.16 |29.16|55
36469|31.01 |31.01|55
36472|39.63 |39.63|55
36475|51.72 |51.72|55
36478|61.95 |61.95|55
36481|95.71 |95.71|55
36484|118.44 |118.44|55
36487|154.77 |154.77|55
36490|210.43 |210.43|55
36493|263.82 |263.82|55
36448|11.59 |11.59|55
36452|11.59 |11.59|55
36455|12.53 |12.53|55
36458|17.84 |17.84|55
36461|13.45 |13.45|55
36464|16.05 |16.05|55
36467|19.44 |19.44|55
36470|20.67 |20.67|55
36473|26.42 |26.42|55
36476|34.48 |34.48|55
36479|41.3 |41.3|55
36482|63.81 |63.81|55
36485|78.96 |78.96|55
36488|103.18 |103.18|55
36491|140.29 |140.29|55
36494|175.88 |175.88|55
36496|207.87 |207.87|55
36451|11.59 |11.59|55
36449|5.8 |5.8|55
36453|5.8 |5.8|55
36456|6.27 |6.27|55
36459|8.92 |8.92|55
36462|6.72 |6.72|55
36465|8.02 |8.02|55
36468|9.72 |9.72|55
36471|10.33 |10.33|55
36474|13.21 |13.21|55
36477|17.24 |17.24|55
36480|20.65 |20.65|55
36483|31.9 |31.9|55
36486|39.48 |39.48|55
36489|51.59 |51.59|55
36492|70.15 |70.15|55
36495|87.94 |87.94|55
36498|17.38 |17.38|55
36501|17.38 |17.38|55
36503|17.38 |17.38|55
36506|18.8 |18.8|55
36509|26.76 |26.76|55
36512|20.17 |20.17|55
36515|24.08 |24.08|55
36519|26.97 |26.97|55
36523|31.01 |31.01|55
36526|39.63 |39.63|55
36529|51.72 |51.72|55
36532|61.95 |61.95|55
36535|95.71 |95.71|55
36538|118.44 |118.44|55
36541|154.77 |154.77|55
36544|210.43 |210.43|55
36547|263.82 |263.82|55
36550|344.3 |344.3|55
36497|14.32 |14.32|55
36499|11.59 |11.59|55
36502|11.59 |11.59|55
36504|11.59 |11.59|55
36507|12.53 |12.53|55
36510|17.84 |17.84|55
36513|13.45 |13.45|55
36516|16.05 |16.05|55
36520|17.98 |17.98|55
36524|20.67 |20.67|55
36527|26.42 |26.42|55
36530|34.48 |34.48|55
36533|41.3 |41.3|55
36536|63.81 |63.81|55
36539|78.96 |78.96|55
36542|103.18 |103.18|55
36545|140.29 |140.29|55
36548|175.88 |175.88|55
36516|16.05 |16.05|55
36520|17.98 |17.98|55
36500|5.8 |5.8|55
36505|5.8 |5.8|55
36508|6.27 |6.27|55
36511|8.92 |8.92|55
36514|6.72 |6.72|55
36518|8.03 |8.03|55
36522|8.99 |8.99|55
36525|10.33 |10.33|55
36528|13.21 |13.21|55
36531|17.24 |17.24|55
36534|20.65 |20.65|55
36537|31.9 |31.9|55
36540|39.48 |39.48|55
36543|51.59 |51.59|55
36546|70.15 |70.15|55
36549|87.94 |87.94|55
36551|16.27 |16.27|55
36552|11.59 |11.59|55
36554|11.59 |11.59|55
36555|11.59 |11.59|55
36557|12.53 |12.53|55
36559|17.84 |17.84|55
36561|13.45 |13.45|55
36563|16.05 |16.05|55
36565|17.98 |17.98|55
36567|20.67 |20.67|55
36569|26.42 |26.42|55
36571|34.48 |34.48|55
36573|41.3 |41.3|55
36575|63.81 |63.81|55
36577|78.96 |78.96|55
36579|103.18 |103.18|55
36581|140.21 |140.21|55
36583|175.88 |175.88|55
36553|5.8 |5.8|55
36556|5.8 |5.8|55
36558|6.26 |6.26|55
36560|8.92 |8.92|55
36562|6.72 |6.72|55
36564|8.03 |8.03|55
36566|8.99 |8.99|55
36568|10.33 |10.33|55
36570|13.21 |13.21|55
36572|17.24 |17.24|55
36574|20.65 |20.65|55
36576|31.9 |31.9|55
36578|39.48 |39.48|55
36580|51.59 |51.59|55
36582|70.1 |70.1|55
36584|87.94 |87.94|55
36585|17.38 |17.38|55
36587|23.37 |23.37|55
36590|17.38 |17.38|55
36593|23.37 |23.37|55
36595|18.8 |18.8|55
36599|20.17 |20.17|55
36603|32.04 |32.04|55
36606|24.08 |24.08|55
36609|34.55 |34.55|55
36611|31.01 |31.01|55
36614|39.63 |39.63|55
36618|51.72 |51.72|55
36621|68.14 |68.14|55
36625|90.43 |90.43|55
36628|95.76 |95.76|55
36632|118.44 |118.44|55
36635|157.94 |157.94|55
36638|210.43 |210.43|55
36641|233.54 |233.54|55
36644|256.9 |256.9|55
36586|11.59 |11.59|55
36588|15.58 |15.58|55
36591|11.59 |11.59|55
36594|15.58 |15.58|55
36597|12.53 |12.53|55
36601|13.45 |13.45|55
36604|21.36 |21.36|55
36607|16.05 |16.05|55
36610|23.03 |23.03|55
36612|20.67 |20.67|55
36616|26.42 |26.42|55
36619|34.48 |34.48|55
36623|45.42 |45.42|55
36626|60.29 |60.29|55
36630|63.84 |63.84|55
36633|78.96 |78.96|55
36636|105.73 |105.73|55
36639|140.29 |140.29|55
36642|155.69 |155.69|55
36596|12.53 |12.53|55
36600|13.45 |13.45|55
36615|26.42 |26.42|55
36622|45.42 |45.42|55
36629|63.84 |63.84|55
36589|7.79 |7.79|55
36592|5.8 |5.8|55
36598|6.27 |6.27|55
36602|6.72 |6.72|55
36605|10.68 |10.68|55
36608|8.02 |8.02|55
36613|10.33 |10.33|55
36617|13.21 |13.21|55
36620|17.24 |17.24|55
36624|22.71 |22.71|55
36627|30.14 |30.14|55
36631|31.92 |31.92|55
36634|31.92 |31.92|55
36637|52.65 |52.65|55
36640|70.2 |70.2|55
36643|77.85 |77.85|55
36645|24.71 |24.71|55
36646|20.82 |20.82|55
36647|22.92 |22.92|55
36648|24.41 |24.41|55
36649|28.16 |28.16|55
36650|21.99 |21.99|55
36651|30.87 |30.87|55
36652|21.69 |21.69|55
36653|21.69 |21.69|55
36654|23.81 |23.81|55
36655|39.13 |39.13|55
36656|27.99 |27.99|55
36657|27.99 |27.99|55
36658|36.18 |36.18|55
36659|36.18 |36.18|55
36660|36.18 |36.18|55
36661|45.41 |45.41|55
36662|41.39 |41.39|55
36663|57.67 |57.67|55
36664|57.67 |57.67|55
36665|57.67 |57.67|55
36666|63.84 |63.84|55
36667|63.84 |63.84|55
36668|63.84 |63.84|55
36669|78.85 |78.85|55
36670|78.89 |78.89|55
36671|83.56 |83.56|55
36672|83.56 |83.56|55
36673|122.19 |122.19|55
36674|144.64 |144.64|55
36675|146.07 |146.07|55
36676|159.26 |159.26|55
36677|119.36 |119.36|55
36678|22.92 |22.92|55
36679|21.51 |21.51|55
36681|24.26 |24.26|55
36683|35.4 |35.4|55
36685|49.53 |49.53|55
36687|70.26 |70.26|55
36689|103.19 |103.19|55
36691|127.38 |127.38|55
36693|136.43 |136.43|55
36695|216.16 |216.16|55
36697|303.38 |303.38|55
36699|388.81 |388.81|55
36701|435.2 |435.2|55
36680|10.75 |10.75|55
36682|12.13 |12.13|55
36684|17.7 |17.7|55
36686|24.77 |24.77|55
36688|35.13 |35.13|55
36690|51.6 |51.6|55
36692|63.69 |63.69|55
36694|68.21 |68.21|55
36696|108.08 |108.08|55
36698|151.69 |151.69|55
36700|194.4 |194.4|55
36702|217.6 |217.6|55
36703|12.41 |12.41|55
36704|13.1 |13.1|55
36705|19.43 |19.43|55
36706|27.08 |27.08|55
36707|38.13 |38.13|55
36708|65.19 |65.19|55
36709|87.89 |87.89|55
36710|142.52 |142.52|55
36711|225.94 |225.94|55
36712|337.36 |337.36|55
35506|4.75 |4.75|55
35507|5.23 |5.23|55
35508|5.28 |5.28|55
35509|5.66 |5.66|55
35510|5.66 |5.66|55
35511|6.47 |6.47|55
35512|7.68 |7.68|55
35513|9.51 |9.51|55
35514|9.7 |9.7|55
35515|13.31 |13.31|55
35516|14.96 |14.96|55
35517|21.88 |21.88|55
35518|27.58 |27.58|55
35519|31.38 |31.38|55
35520|4.75 |4.75|55
35521|4.75 |4.75|55
35522|4.75 |4.75|55
35523|5.66 |5.66|55
35524|6.52 |6.52|55
35525|5.66 |5.66|55
35526|6.34 |6.34|55
35527|7.68 |7.68|55
35528|9.51 |9.51|55
35529|9.7 |9.7|55
35530|13.31 |13.31|55
35531|15.69 |15.69|55
35533|21.88 |21.88|55
35534|27.58 |27.58|55
35535|31.38 |31.38|55
35532|5.23 |5.23|55
35536|4.75 |4.75|55
35537|4.75 |4.75|55
35538|5.23 |5.23|55
35539|6.31 |6.31|55
35540|5.66 |5.66|55
35541|6.47 |6.47|55
35542|7.84 |7.84|55
35543|9.51 |9.51|55
35544|10.94 |10.94|55
35545|11.73 |11.73|55
35546|15.69 |15.69|55
35547|21.88 |21.88|55
35548|27.58 |27.58|55
35549|31.38 |31.38|55
35550|4.75 |4.75|55
35551|9.46 |9.46|55
35552|9.46 |9.46|55
35553|5.01 |5.01|55
35554|9.46 |9.46|55
35555|5.28 |5.28|55
35556|5.66 |5.66|55
35557|6.18 |6.18|55
35558|6.47 |6.47|55
35559|7.99 |7.99|55
35560|7.99 |7.99|55
35561|10.46 |10.46|55
35562|13.31 |13.31|55
35563|15.77 |15.77|55
35564|20.45 |20.45|55
35565|22.82 |22.82|55
35566|27.58 |27.58|55
35567|30.43 |30.43|55
35568|4.75 |4.75|55
35569|9.46 |9.46|55
35570|4.75 |4.75|55
35571|5.28 |5.28|55
35572|5.66 |5.66|55
35573|6.47 |6.47|55
35574|6.47 |6.47|55
35575|7.99 |7.99|55
35576|7.99 |7.99|55
35578|7.84 |7.84|55
35579|10.46 |10.46|55
35580|10.46 |10.46|55
35581|10.46 |10.46|55
35582|13.31 |13.31|55
35583|13.31 |13.31|55
35584|15.69 |15.69|55
35585|15.69 |15.69|55
35586|19.97 |19.97|55
35587|19.97 |19.97|55
35588|22.82 |22.82|55
35589|22.82 |22.82|55
35590|27.12 |27.12|55
35591|27.12 |27.12|55
35592|30.43 |30.43|55
35577|7.99 |7.99|55
36154|11.39 |11.39|55
36155|11.39 |11.39|55
36156|12.45 |12.45|55
36157|17.32 |17.32|55
36158|13.06 |13.06|55
36159|15.44 |15.44|55
36160|17.02 |17.02|55
36161|11.39 |11.39|55
36162|13.06 |13.06|55
36163|13.06 |13.06|55
36164|15.44 |15.44|55
36165|17.02 |17.02|55
36166|19.23 |19.23|55
36167|24.79 |24.79|55
36168|57.37 |57.37|55
36169|71.19 |71.19|55
36170|93.01 |93.01|55
36171|117.43 |117.43|55
36172|138.27 |138.27|55
36276|11.39 |11.39|55
36278|11.39 |11.39|55
36280|12.45 |12.45|55
36282|17.32 |17.32|55
36283|13.06 |13.06|55
36285|15.44 |15.44|55
36287|17.02 |17.02|55
36289|13.06 |13.06|55
36291|13.06 |13.06|55
36293|15.44 |15.44|55
36295|17.02 |17.02|55
36297|19.23 |19.23|55
36299|24.79 |24.79|55
36301|57.37 |57.37|55
36277|17.5 |17.5|55
36279|16.28 |16.28|55
36281|17.79 |17.79|55
36284|18.66 |18.66|55
36286|22.06 |22.06|55
36288|24.32 |24.32|55
36290|18.66 |18.66|55
36292|18.66 |18.66|55
36294|22.06 |22.06|55
36296|24.32 |24.32|55
36298|27.54 |27.54|55
36300|35.41 |35.41|55
36302|81.95 |81.95|55
35593|12.25 |12.25|55
35594|12.25 |12.25|55
35595|13.48 |13.48|55
35596|18.78 |18.78|55
35597|14.24 |14.24|55
35598|16.43 |16.43|55
35599|18.1 |18.1|55
35600|12.25 |12.25|55
35601|14.24 |14.24|55
35602|13.48 |13.48|55
35603|14.24 |14.24|55
35604|16.43 |16.43|55
35605|18.1 |18.1|55
35606|20.78 |20.78|55
35607|26.71 |26.71|55
35608|34.63 |34.63|55
35609|40.18 |40.18|55
35610|61.97 |61.97|55
35611|76.8 |76.8|55
35612|100.43 |100.43|55
35613|123.74 |123.74|55
35614|145.49 |145.49|55
35720|12.25 |12.25|55
35721|12.25 |12.25|55
35722|13.48 |13.48|55
35723|14.24 |14.24|55
35724|16.43 |16.43|55
35725|18.1 |18.1|55
35726|12.25 |12.25|55
35727|14.24 |14.24|55
35728|16.43 |16.43|55
35729|18.1 |18.1|55
35730|20.78 |20.78|55
35731|26.71 |26.71|55
35732|34.63 |34.63|55
35733|40.18 |40.18|55
35734|61.97 |61.97|55
35735|76.8 |76.8|55
35798|16.28 |16.28|55
35799|17.5 |17.5|55
35800|19.25 |19.25|55
35801|20.35 |20.35|55
35802|23.47 |23.47|55
35803|25.86 |25.86|55
35801|20.35 |20.35|55
35802|23.47 |23.47|55
35803|25.86 |25.86|55
35807|29.69 |29.69|55
35808|38.16 |38.16|55
35809|49.47 |49.47|55
35810|57.4 |57.4|55
35877|12.25 |12.25|55
35878|12.25 |12.25|55
35879|13.48 |13.48|55
35880|18.78 |18.78|55
35881|14.24 |14.24|55
35882|16.43 |16.43|55
35883|18.1 |18.1|55
35884|12.25 |12.25|55
35885|13.48 |13.48|55
35886|14.24 |14.24|55
35887|16.43 |16.43|55
35888|18.1 |18.1|55
35889|20.78 |20.78|55
35890|26.71 |26.71|55
35891|34.63 |34.63|55
35892|40.18 |40.18|55
35893|61.97 |61.97|55
35894|76.8 |76.8|55
35895|100.43 |100.43|55
35896|123.74 |123.74|55
35897|145.49 |145.49|55
36002|12.25 |12.25|55
36003|12.25 |12.25|55
36004|13.48 |13.48|55
36005|18.78 |18.78|55
36006|14.24 |14.24|55
36007|16.43 |16.43|55
36008|18.1 |18.1|55
36009|13.48 |13.48|55
36010|14.24 |14.24|55
36011|16.43 |16.43|55
36012|18.1 |18.1|55
36013|20.78 |20.78|55
36014|26.71 |26.71|55
36015|40.18 |40.18|55
36016|61.97 |61.97|55
36089|19.25 |19.25|55
36090|26.83 |26.83|55
36091|20.35 |20.35|55
36092|23.47 |23.47|55
36093|25.86 |25.86|55
36094|20.35 |20.35|55
36095|23.47 |23.47|55
36096|25.86 |25.86|55
36097|29.69 |29.69|55
36098|38.16 |38.16|55
36173|11.39 |11.39|55
36174|11.39 |11.39|55
36175|12.45 |12.45|55
36176|17.32 |17.32|55
36177|13.06 |13.06|55
36178|15.44 |15.44|55
36179|17.02 |17.02|55
36180|13.06 |13.06|55
36181|13.06 |13.06|55
36182|14.24 |14.24|55
36183|19.99 |19.99|55
36184|13.06 |13.06|55
36185|15.44 |15.44|55
36186|17.02 |17.02|55
36187|19.23 |19.23|55
36188|24.79 |24.79|55
36189|37.02 |37.02|55
36190|57.37 |57.37|55
36191|71.19 |71.19|55
36192|93.01 |93.01|55
36193|117.43 |117.43|55
36194|144.89 |144.89|55
36303|11.39 |11.39|55
36304|11.39 |11.39|55
36305|12.45 |12.45|55
36306|13.06 |13.06|55
36307|15.44 |15.44|55
36308|17.02 |17.02|55
36309|13.06 |13.06|55
36310|13.06 |13.06|55
36311|14.24 |14.24|55
36312|19.99 |19.99|55
36313|13.06 |13.06|55
36314|15.44 |15.44|55
36315|17.02 |17.02|55
36316|19.23 |19.23|55
36317|24.79 |24.79|55
36318|37.02 |37.02|55
36319|57.37 |57.37|55
36320|71.19 |71.19|55
36379|16.28 |16.28|55
36380|18.99 |18.99|55
36381|17.79 |17.79|55
36382|18.66 |18.66|55
36383|18.66 |18.66|55
36384|18.66 |18.66|55
36385|20.35 |20.35|55
36386|28.56 |28.56|55
36387|18.66 |18.66|55
36388|22.06 |22.06|55
36389|24.32 |24.32|55
36390|27.48 |27.48|55
36391|35.41 |35.41|55
36392|52.89 |52.89|55
36393|81.95 |81.95|55
36394|101.71 |101.71|55
35898|12.25 |12.25|55
35899|12.25 |12.25|55
35900|13.48 |13.48|55
35901|18.78 |18.78|55
35902|14.24 |14.24|55
35903|16.43 |16.43|55
35904|18.1 |18.1|55
35905|14.24 |14.24|55
35906|14.24 |14.24|55
35907|15.16 |15.16|55
35908|21.62 |21.62|55
35909|14.24 |14.24|55
35910|16.43 |16.43|55
35911|18.1 |18.1|55
35912|20.78 |20.78|55
35913|26.71 |26.71|55
35914|34.63 |34.63|55
35915|40.18 |40.18|55
35916|61.97 |61.97|55
35917|76.8 |76.8|55
35918|100.43 |100.43|55
35919|123.74 |123.74|55
35920|145.49 |145.49|55
36017|12.25 |12.25|55
36018|12.25 |12.25|55
36019|13.48 |13.48|55
36020|18.78 |18.78|55
36021|14.24 |14.24|55
36022|16.43 |16.43|55
36023|18.1 |18.1|55
36024|15.16 |15.16|55
36025|14.24 |14.24|55
36026|16.43 |16.43|55
36027|18.1 |18.1|55
36028|20.78 |20.78|55
36029|26.71 |26.71|55
36030|34.63 |34.63|55
36031|40.18 |40.18|55
36032|61.97 |61.97|55
36033|76.8 |76.8|55
36099|19.25 |19.25|55
36100|26.83 |26.83|55
36101|20.35 |20.35|55
36102|23.47 |23.47|55
36103|25.86 |25.86|55
36104|21.66 |21.66|55
36105|20.35 |20.35|55
36106|23.47 |23.47|55
36107|25.86 |25.86|55
36108|29.69 |29.69|55
36109|38.16 |38.16|55
36110|88.54 |88.54|55
36111|109.73 |109.73|55
36195|11.39 |11.39|55
36196|11.39 |11.39|55
36197|12.45 |12.45|55
36198|17.32 |17.32|55
36199|13.06 |13.06|55
36200|15.44 |15.44|55
36201|16.29 |16.29|55
36202|13.06 |13.06|55
36203|13.06 |13.06|55
36204|14.24 |14.24|55
36205|19.99 |19.99|55
36206|13.06 |13.06|55
36207|15.44 |15.44|55
36208|17.02 |17.02|55
36209|19.23 |19.23|55
36210|24.79 |24.79|55
36211|32.07 |32.07|55
36212|37.02 |37.02|55
36213|57.37 |57.37|55
36214|71.19 |71.19|55
36215|93.01 |93.01|55
36216|117.43 |117.43|55
36217|138.27 |138.27|55
36321|12.25 |12.25|55
36322|12.23 |12.23|55
36323|13.48 |13.48|55
36324|14.24 |14.24|55
36325|16.43 |16.43|55
36326|18.1 |18.1|55
36327|14.24 |14.24|55
36328|15.16 |15.16|55
36329|21.62 |21.62|55
36330|14.24 |14.24|55
36331|16.43 |16.43|55
36332|18.1 |18.1|55
36333|20.78 |20.78|55
36334|26.71 |26.71|55
36335|34.63 |34.63|55
36336|40.18 |40.18|55
36337|61.97 |61.97|55
36338|143.49 |143.49|55
35615|12.25 |12.25|55
35616|12.25 |12.25|55
35617|13.48 |13.48|55
35618|18.78 |18.78|55
35619|14.24 |14.24|55
35620|16.43 |16.43|55
35621|18.1 |18.1|55
35622|14.24 |14.24|55
35623|14.24 |14.24|55
35624|15.16 |15.16|55
35625|21.62 |21.62|55
35626|14.24 |14.24|55
35627|16.43 |16.43|55
35628|18.1 |18.1|55
35629|20.78 |20.78|55
35630|26.71 |26.71|55
35631|34.63 |34.63|55
35632|40.18 |40.18|55
35633|61.97 |61.97|55
35634|76.8 |76.8|55
35635|100.43 |100.43|55
35636|123.74 |123.74|55
35637|145.49 |145.49|55
35736|12.25 |12.25|55
35737|13.48 |13.48|55
35738|14.24 |14.24|55
35739|16.43 |16.43|55
35740|18.1 |18.1|55
35741|14.24 |14.24|55
35742|15.16 |15.16|55
35743|21.62 |21.62|55
35744|14.24 |14.24|55
35745|16.43 |16.43|55
35746|18.1 |18.1|55
35747|20.78 |20.78|55
35748|26.71 |26.71|55
35749|34.63 |34.63|55
35750|40.18 |40.18|55
35751|61.97 |61.97|55
35752|76.8 |76.8|55
35753|100.43 |100.43|55
35754|123.74 |123.74|55
35755|145.49 |145.49|55
35811|17.5 |17.5|55
35812|19.25 |19.25|55
35813|26.83 |26.83|55
35814|20.35 |20.35|55
35815|23.47 |23.47|55
35816|25.86 |25.86|55
35817|20.35 |20.35|55
35818|23.47 |23.47|55
35819|25.86 |25.86|55
35820|29.69 |29.69|55
35821|38.16 |38.16|55
35822|49.47 |49.47|55
35823|57.4 |57.4|55
35824|88.54 |88.54|55
35825|109.73 |109.73|55
35826|100.43 |100.43|55
35638|12.25 |12.25|55
35639|12.23 |12.23|55
35640|13.48 |13.48|55
35641|18.78 |18.78|55
35642|14.24 |14.24|55
35643|16.43 |16.43|55
35644|18.1 |18.1|55
35645|14.24 |14.24|55
35646|14.24 |14.24|55
35647|15.16 |15.16|55
35648|21.62 |21.62|55
35649|14.24 |14.24|55
35650|16.43 |16.43|55
35651|18.1 |18.1|55
35652|20.78 |20.78|55
35653|26.71 |26.71|55
35654|34.63 |34.63|55
35655|40.18 |40.18|55
35656|61.97 |61.97|55
35657|76.8 |76.8|55
35658|100.43 |100.43|55
35659|123.74 |123.74|55
35660|145.49 |145.49|55
35827|19.25 |19.25|55
35828|20.35 |20.35|55
35829|27.45 |27.45|55
35830|25.86 |25.86|55
35831|30.89 |30.89|55
35832|20.35 |20.35|55
35833|23.47 |23.47|55
35834|25.86 |25.86|55
35835|29.69 |29.69|55
35836|38.16 |38.16|55
35837|49.47 |49.47|55
35838|57.4 |57.4|55
35839|109.73 |109.73|55
36339|11.39 |11.39|55
36340|11.39 |11.39|55
36341|12.45 |12.45|55
36342|17.32 |17.32|55
36343|13.06 |13.06|55
36344|15.44 |15.44|55
36345|16.29 |16.29|55
36395|16.28 |16.28|55
36396|16.94 |16.94|55
36397|17.79 |17.79|55
36398|24.74 |24.74|55
36399|18.66 |18.66|55
36400|22.06 |22.06|55
36401|23.28 |23.28|55
36402|18.66 |18.66|55
36403|18.66 |18.66|55
36404|20.35 |20.35|55
36405|28.56 |28.56|55
36406|18.66 |18.66|55
36407|22.06 |22.06|55
36408|24.32 |24.32|55
36409|27.48 |27.48|55
36410|35.41 |35.41|55
36411|57.4 |57.4|55
36412|81.95 |81.95|55
36413|101.71 |101.71|55
35921|12.25 |12.25|55
35922|12.23 |12.23|55
35923|13.48 |13.48|55
35924|18.78 |18.78|55
35925|14.24 |14.24|55
35926|16.43 |16.43|55
35927|18.1 |18.1|55
35928|14.24 |14.24|55
35929|14.24 |14.24|55
35930|15.16 |15.16|55
35931|21.62 |21.62|55
35932|14.24 |14.24|55
35933|16.43 |16.43|55
35934|18.1 |18.1|55
35935|20.78 |20.78|55
35936|26.71 |26.71|55
35937|34.63 |34.63|55
35938|40.18 |40.18|55
35939|61.97 |61.97|55
35940|76.8 |76.8|55
35941|100.43 |100.43|55
35942|123.74 |123.74|55
35943|145.49 |145.49|55
36034|12.25 |12.25|55
36035|13.48 |13.48|55
36036|18.78 |18.78|55
36037|14.24 |14.24|55
36038|16.43 |16.43|55
36039|18.1 |18.1|55
36040|15.16 |15.16|55
36041|21.62 |21.62|55
36042|14.24 |14.24|55
36043|16.43 |16.43|55
36044|18.1 |18.1|55
36045|20.78 |20.78|55
36046|26.71 |26.71|55
36047|34.63 |34.63|55
36048|40.18 |40.18|55
36049|61.97 |61.97|55
36050|76.8 |76.8|55
36112|19.25 |19.25|55
36113|26.83 |26.83|55
36114|27.45 |27.45|55
36115|25.86 |25.86|55
36116|21.66 |21.66|55
36117|30.89 |30.89|55
36118|20.35 |20.35|55
36119|25.86 |25.86|55
36120|29.69 |29.69|55
36121|38.16 |38.16|55
36122|57.4 |57.4|55
36123|88.54 |88.54|55
36218|11.39 |11.39|55
36219|15.35 |15.35|55
36220|11.39 |11.39|55
36221|12.45 |12.45|55
36222|13.06 |13.06|55
36223|15.44 |15.44|55
36224|19.23 |19.23|55
36225|13.06 |13.06|55
36226|13.06 |13.06|55
36227|14.24 |14.24|55
36228|13.06 |13.06|55
36229|15.44 |15.44|55
36230|19.23 |19.23|55
36231|24.79 |24.79|55
36232|32.07 |32.07|55
36233|35.37 |35.37|55
36234|51.8 |51.8|55
36235|54.8 |54.8|55
36236|67.99 |67.99|55
36237|75.92 |75.92|55
36238|119.22 |119.22|55
36239|165.45 |165.45|55
36346|11.39 |11.39|55
36347|11.39 |11.39|55
36348|12.45 |12.45|55
36349|13.06 |13.06|55
36350|15.44 |15.44|55
36351|19.23 |19.23|55
36352|14.24 |14.24|55
36353|13.06 |13.06|55
36354|15.44 |15.44|55
36355|19.23 |19.23|55
36356|24.79 |24.79|55
36357|35.37 |35.37|55
36358|51.8 |51.8|55
36359|54.8 |54.8|55
36360|67.99 |67.99|55
36361|119.22 |119.22|55
36362|165.45 |165.45|55
36414|18.99 |18.99|55
36415|18.99 |18.99|55
36416|20.75 |20.75|55
36417|21.77 |21.77|55
36418|25.74 |25.74|55
36419|32.05 |32.05|55
36420|20.35 |20.35|55
36421|18.66 |18.66|55
36422|22.06 |22.06|55
36423|27.48 |27.48|55
36424|35.41 |35.41|55
36425|45.81 |45.81|55
36426|50.54 |50.54|55
36427|74.02 |74.02|55
36428|78.29 |78.29|55
36429|97.13 |97.13|55
36430|170.33 |170.33|55
36431|236.37 |236.37|55
35661|12.25 |12.25|55
35662|16.34 |16.34|55
35663|16.34 |16.34|55
35664|12.25 |12.25|55
35665|16.34 |16.34|55
35666|13.48 |13.48|55
35667|14.24 |14.24|55
35668|21.58 |21.58|55
35669|16.43 |16.43|55
35670|20.78 |20.78|55
35671|14.24 |14.24|55
35672|14.24 |14.24|55
35673|15.35 |15.35|55
35674|14.24 |14.24|55
35675|16.43 |16.43|55
35676|26.75 |26.75|55
35677|20.78 |20.78|55
35678|26.71 |26.71|55
35679|34.63 |34.63|55
35680|40.19 |40.19|55
35681|58.58 |58.58|55
35682|62,00 |62,00|55
35683|76.8 |76.8|55
35684|85.79 |85.79|55
35685|131.03 |131.03|55
35686|181.9 |181.9|55
35756|12.25 |12.25|55
35757|12.25 |12.25|55
35758|13.48 |13.48|55
35759|14.24 |14.24|55
35760|16.43 |16.43|55
35761|20.78 |20.78|55
35840|20.42 |20.42|55
35841|20.42 |20.42|55
35842|22.46 |22.46|55
35843|23.74 |23.74|55
35844|27.39 |27.39|55
35845|34.63 |34.63|55
35762|14.24 |14.24|55
35763|15.35 |15.35|55
35764|14.24 |14.24|55
35765|16.43 |16.43|55
35766|20.78 |20.78|55
35767|26.71 |26.71|55
35768|34.63 |34.63|55
35769|40.19 |40.19|55
35770|58.58 |58.58|55
35771|62,00 |62,00|55
35772|76.8 |76.8|55
35773|85.79 |85.79|55
35774|131.03 |131.03|55
35775|181.9 |181.9|55
35846|23.74 |23.74|55
35847|23.47 |23.47|55
35848|34.63 |34.63|55
35849|38.16 |38.16|55
35850|49.47 |49.47|55
35851|57.43 |57.43|55
35852|83.69 |83.69|55
35853|88.57 |88.57|55
35854|122.57 |122.57|55
35944|12.25 |12.25|55
35945|16.34 |16.34|55
35946|12.25 |12.25|55
35947|13.48 |13.48|55
35948|14.24 |14.24|55
35949|21.58 |21.58|55
35950|16.43 |16.43|55
35951|20.78 |20.78|55
35952|14.24 |14.24|55
35953|14.24 |14.24|55
35954|15.35 |15.35|55
35955|14.24 |14.24|55
35956|16.43 |16.43|55
35957|26.75 |26.75|55
35958|20.78 |20.78|55
35959|26.71 |26.71|55
35960|34.63 |34.63|55
35961|40.19 |40.19|55
35962|58.58 |58.58|55
35963|62,00 |62,00|55
35964|76.8 |76.8|55
35965|85.79 |85.79|55
35966|131.03 |131.03|55
35967|181.9 |181.9|55
36051|12.25 |12.25|55
36052|12.25 |12.25|55
36053|13.48 |13.48|55
36054|14.24 |14.24|55
36055|16.43 |16.43|55
36056|20.78 |20.78|55
36057|14.24 |14.24|55
36058|14.24 |14.24|55
36059|15.35 |15.35|55
36060|14.24 |14.24|55
36061|16.43 |16.43|55
36062|20.78 |20.78|55
36063|26.71 |26.71|55
36064|34.63 |34.63|55
36065|40.19 |40.19|55
36066|58.58 |58.58|55
36067|62,00 |62,00|55
36068|76.8 |76.8|55
36069|85.79 |85.79|55
36070|131.03 |131.03|55
36071|181.9 |181.9|55
36124|20.42 |20.42|55
36125|20.42 |20.42|55
36126|22.46 |22.46|55
36127|23.74 |23.74|55
36128|27.39 |27.39|55
36129|34.63 |34.63|55
36130|25.58 |25.58|55
36131|23.74 |23.74|55
36132|27.39 |27.39|55
36133|34.63 |34.63|55
36134|38.16 |38.16|55
36135|49.47 |49.47|55
36136|57.43 |57.43|55
36137|83.69 |83.69|55
36138|88.57 |88.57|55
35687|25.33 |25.33|55
35688|25.33 |25.33|55
35689|23.69 |23.69|55
35690|27.57 |27.57|55
35691|19.98 |19.98|55
35692|22.93 |22.93|55
35693|25.05 |25.05|55
35694|41.04 |41.04|55
35695|29.42 |29.42|55
35696|29.42 |29.42|55
35697|38.24 |38.24|55
35698|38.24 |38.24|55
35699|46.11 |46.11|55
35700|44.05 |44.05|55
35701|58.58 |58.58|55
35702|61.57 |61.57|55
35703|62,00 |62,00|55
35704|65.01 |65.01|55
35705|76.8 |76.8|55
35706|80.65 |80.65|55
35707|85.79 |85.79|55
35708|90.18 |90.18|55
35709|140.19 |140.19|55
35855|25.56 |25.56|55
35856|33.85 |33.85|55
35857|39.38 |39.38|55
35858|28.54 |28.54|55
35859|34.64 |34.64|55
35860|35.22 |35.22|55
35861|58.63 |58.63|55
35862|42.03 |42.03|55
35863|42.03 |42.03|55
35864|54.63 |54.63|55
35865|54.63 |54.63|55
35866|65.87 |65.87|55
35867|62.94 |62.94|55
35868|83.69 |83.69|55
35869|92.88 |92.88|55
35870|109.73 |109.73|55
35776|23.69 |23.69|55
35777|27.57 |27.57|55
35778|19.98 |19.98|55
35779|22.93 |22.93|55
35780|25.05 |25.05|55
35781|41.04 |41.04|55
35782|29.42 |29.42|55
35783|29.42 |29.42|55
35784|38.24 |38.24|55
35785|38.24 |38.24|55
35786|46.11 |46.11|55
35787|44.05 |44.05|55
35788|58.58 |58.58|55
35789|61.57 |61.57|55
35790|62,00 |62,00|55
35791|76.8 |76.8|55
35792|85.79 |85.79|55
35793|90.18 |90.18|55
36240|23.46 |23.46|55
36241|23.46 |23.46|55
36242|23.69 |23.69|55
36243|21.8 |21.8|55
36244|25.61 |25.61|55
36245|18.51 |18.51|55
36246|21.24 |21.24|55
36247|23.12 |23.12|55
36248|38.25 |38.25|55
36249|27.29 |27.29|55
36250|27.29 |27.29|55
36251|35.42 |35.42|55
36252|35.42 |35.42|55
36253|42.6 |42.6|55
36254|40.68 |40.68|55
36255|55.22 |55.22|55
36256|56.88 |56.88|55
36257|57.31 |57.31|55
36258|60.21 |60.21|55
36259|71.19 |71.19|55
36260|74.67 |74.67|55
36261|79.47 |79.47|55
36262|83.54 |83.54|55
36263|102.84 |102.84|55
36264|136.2 |136.2|55
36363|25.61 |25.61|55
36364|18.51 |18.51|55
36365|21.24 |21.24|55
36366|23.12 |23.12|55
36367|38.25 |38.25|55
36368|27.29 |27.29|55
36369|27.29 |27.29|55
36370|35.42 |35.42|55
36371|40.68 |40.68|55
36372|71.19 |71.19|55
36373|74.67 |74.67|55
36374|79.47 |79.47|55
36375|83.54 |83.54|55
36432|33.85 |33.85|55
36433|36.59 |36.59|55
36434|26.45 |26.45|55
36435|30.35 |30.35|55
36436|33.04 |33.04|55
36437|54.65 |54.65|55
36438|38.98 |38.98|55
36439|38.98 |38.98|55
36440|50.61 |50.61|55
36441|81.87 |81.87|55
36442|106.68 |106.68|55
36443|113.53 |113.53|55
36444|119.35 |119.35|55
36139|36.19 |36.19|55
36140|36.52 |36.52|55
36141|33.85 |33.85|55
36142|40.96 |40.96|55
36143|28.54 |28.54|55
36144|34.64 |34.64|55
36145|35.79 |35.79|55
36146|42.03 |42.03|55
36147|42.03 |42.03|55
36148|54.63 |54.63|55
36149|62.94 |62.94|55
36150|97.24 |97.24|55
36151|87.97 |87.97|55
36152|92.88 |92.88|55
36072|25.56 |25.56|55
36073|23.69 |23.69|55
36074|28.67 |28.67|55
36075|19.98 |19.98|55
36076|22.93 |22.93|55
36077|25.05 |25.05|55
36078|29.42 |29.42|55
36079|29.42 |29.42|55
36080|38.24 |38.24|55
36081|44.05 |44.05|55
36082|58.58 |58.58|55
36083|62,00 |62,00|55
36084|76.8 |76.8|55
35968|25.33 |25.33|55
35969|25.33 |25.33|55
35970|25.56 |25.56|55
35971|23.69 |23.69|55
35972|28.67 |28.67|55
35973|19.98 |19.98|55
35974|22.93 |22.93|55
35975|25.05 |25.05|55
35976|41.04 |41.04|55
35977|29.42 |29.42|55
35978|29.42 |29.42|55
35979|38.24 |38.24|55
35980|38.24 |38.24|55
35981|46.11 |46.11|55
35982|44.05 |44.05|55
35983|58.58 |58.58|55
35984|61.57 |61.57|55
35985|62,00 |62,00|55
35986|65.01 |65.01|55
35987|76.8 |76.8|55
35988|80.65 |80.65|55
35989|85.79 |85.79|55
35990|90.18 |90.18|55
35991|140.19 |140.19|55
36265|19.23 |19.23|55
36266|21.69 |21.69|55
36267|31.85 |31.85|55
36268|44.3 |44.3|55
36269|62.82 |62.82|55
36270|92.35 |92.35|55
36271|113.85 |113.85|55
36272|121.88 |121.88|55
36273|193.36 |193.36|55
36274|340.11 |340.11|55
36275|-   |-  |55
36376|21.69 |21.69|55
36377|31.85 |31.85|55
36378|113.85 |113.85|55
36445|63.29 |63.29|55
36446|162.66 |162.66|55
35710|20.26 |20.26|55
35711|22.62 |22.62|55
35712|33.32 |33.32|55
35713|46.24 |46.24|55
35714|65.6 |65.6|55
35715|96.45 |96.45|55
35716|119.01 |119.01|55
35717|127.41 |127.41|55
35718|202.19 |202.19|55
35719|374.06 |374.06|55
35794|20.26 |20.26|55
35795|22.62 |22.62|55
35796|33.32 |33.32|55
35797|96.45 |96.45|55
35871|28.94 |28.94|55
35872|32.32 |32.32|55
35873|47.6 |47.6|55
35874|66.06 |66.06|55
35875|137.8 |137.8|55
35876|182.02 |182.02|55
35992|20.26 |20.26|55
35993|22.62 |22.62|55
35994|33.32 |33.32|55
35995|46.24 |46.24|55
35996|65.6 |65.6|55
35997|96.45 |96.45|55
35998|119.01 |119.01|55
35999|127.41 |127.41|55
36000|202.19 |202.19|55
36001|374.06 |374.06|55
36085|20.26 |20.26|55
36086|22.62 |22.62|55
36087|33.32 |33.32|55
36088|46.24 |46.24|55
36153|66.06 |66.06|55
35253|6.98 |6.98|48
35254|6.98 |6.98|48
35255|6.98 |6.98|48
35256|6.98 |6.98|48
35257|6.98 |6.98|48
35258|6.98 |6.98|48
35259|6.98 |6.98|48
35260|6.98 |6.98|48
35261|6.98 |6.98|48
35262|9.26 |9.26|48
35263|9.26 |9.26|48
35264|9.26 |9.26|48
35265|16.11 |16.11|48
35266|16.11 |16.11|48
35267|16.11 |16.11|48
35268|23,00 |23,00|48
35269|23,00 |23,00|48
35270|23,00 |23,00|48
35271|27.61 |27.61|48
35272|27.61 |27.61|48
35273|27.61 |27.61|48
35274|34.51 |34.51|48
35275|34.51 |34.51|48
35276|34.51 |34.51|48
35277|59.82 |59.82|48
35278|59.82 |59.82|48
35279|56.37 |56.37|48
35280|6.98 |6.98|48
35281|6.98 |6.98|48
35282|6.98 |6.98|48
35283|6.98 |6.98|48
35284|6.98 |6.98|48
35285|6.98 |6.98|48
35286|9.26 |9.26|48
35287|9.26 |9.26|48
35288|9.26 |9.26|48
35289|16.11 |16.11|48
35290|16.11 |16.11|48
35291|16.11 |16.11|48
35292|23,00 |23,00|48
35293|23,00 |23,00|48
35294|23,00 |23,00|48
35295|27.61 |27.61|48
35296|27.61 |27.61|48
35297|27.61 |27.61|48
35298|34.51 |34.51|48
35299|34.51 |34.51|48
35300|34.51 |34.51|48
35301|59.82 |59.82|48
35302|59.82 |59.82|48
35303|59.82 |59.82|48
35304|6.98 |6.98|48
35305|6.98 |6.98|48
35306|6.98 |6.98|48
35307|6.98 |6.98|48
35308|6.98 |6.98|48
35309|6.98 |6.98|48
35310|9.26 |9.26|48
35311|9.26 |9.26|48
35312|9.26 |9.26|48
35313|16.11 |16.11|48
35314|16.11 |16.11|48
35315|16.11 |16.11|48
35316|21.85 |21.85|48
35317|21.85 |21.85|48
35318|21.85 |21.85|48
35319|25.88 |25.88|48
35320|25.88 |25.88|48
35321|25.88 |25.88|48
35322|35.66 |35.66|48
35323|35.66 |35.66|48
35324|35.66 |35.66|48
35325|59.82 |59.82|48
35326|59.82 |59.82|48
35327|59.82 |59.82|48
35328|6.98 |6.98|48
35329|6.98 |6.98|48
35330|6.98 |6.98|48
35331|6.98 |6.98|48
35332|6.98 |6.98|48
35333|6.98 |6.98|48
35334|6.98 |6.98|48
35335|6.98 |6.98|48
35336|6.98 |6.98|48
35337|9.26 |9.26|48
35338|9.26 |9.26|48
35339|9.26 |9.26|48
35340|10.93 |10.93|48
35341|10.93 |10.93|48
35342|10.93 |10.93|48
35343|13.8 |13.8|48
35344|13.8 |13.8|48
35345|13.8 |13.8|48
35346|17.25 |17.25|48
35347|17.25 |17.25|48
35348|17.25 |17.25|48
35349|23.01 |23.01|48
35350|23.01 |23.01|48
35351|23.01 |23.01|48
35352|50.62 |50.62|48
35353|50.62 |50.62|48
35354|50.62 |50.62|48
35355|59.82 |59.82|48
35356|6.98 |6.98|48
35357|12.65 |12.65|48
35358|16.11 |16.11|48
35359|21.85 |21.85|48
35360|29.91 |29.91|48
35361|58.66 |58.66|48
35362|6.98 |6.98|48
35363|12.65 |12.65|48
35364|16.11 |16.11|48
35365|21.85 |21.85|48
35366|29.91 |29.91|48
35367|58.66 |58.66|48
35368|6.98 |6.98|48
35369|12.65 |12.65|48
35370|16.11 |16.11|48
35371|21.85 |21.85|48
35372|29.91 |29.91|48
35373|58.66 |58.66|48
35374|6.98 |6.98|48
35375|6.98 |6.98|48
35376|6.98 |6.98|48
35377|13.8 |13.8|48
35378|13.8 |13.8|48
35379|13.8 |13.8|48
35380|23.01 |23.01|48
35381|23.01 |23.01|48
35382|23.01 |23.01|48
35383|29.91 |29.91|48
35384|29.91 |29.91|48
35385|29.91 |29.91|48
35386|54.06 |54.06|48
35387|54.06 |54.06|48
35388|54.06 |54.06|48
35389|6.98 |6.98|48
35390|6.98 |6.98|48
35391|6.98 |6.98|48
35392|6.98 |6.98|48
35393|6.98 |6.98|48
35394|6.98 |6.98|48
35395|13.8 |13.8|48
35396|13.8 |13.8|48
35397|13.8 |13.8|48
35398|18.54 |18.54|48
35399|18.54 |18.54|48
35400|18.54 |18.54|48
35401|20.7 |20.7|48
35402|20.7 |20.7|48
35403|20.7 |20.7|48
35404|28.55 |28.55|48
35405|28.55 |28.55|48
35406|28.55 |28.55|48
35407|54.06 |54.06|48
35408|54.06 |54.06|48
35409|54.06 |54.06|48
35410|6.98 |6.98|48
35411|6.98 |6.98|48
35412|6.98 |6.98|48
35413|13.8 |13.8|48
35414|13.8 |13.8|48
35415|13.8 |13.8|48
35416|18.42 |18.42|48
35417|18.42 |18.42|48
35418|18.42 |18.42|48
35419|24.15 |24.15|48
35420|24.15 |24.15|48
35421|24.15 |24.15|48
35422|35.66 |35.66|48
35423|35.66 |35.66|48
35424|35.66 |35.66|48
35425|57.52 |57.52|48
35426|57.52 |57.52|48
35427|57.52 |57.52|48
35428|6.98 |6.98|48
35429|6.98 |6.98|48
35430|6.98 |6.98|48
35431|10.35 |10.35|48
35432|10.35 |10.35|48
35433|10.35 |10.35|48
35434|17.83 |17.83|48
35435|17.83 |17.83|48
35436|17.83 |17.83|48
35437|23.01 |23.01|48
35438|23.01 |23.01|48
35439|23.01 |23.01|48
35440|50.62 |50.62|48
35441|50.62 |50.62|48
35442|50.62 |50.62|48
35443|6.98 |6.98|48
35444|6.98 |6.98|48
35445|6.98 |6.98|48
35446|10.35 |10.35|48
35447|10.35 |10.35|48
35448|10.35 |10.35|48
35449|17.25 |17.25|48
35450|17.25 |17.25|48
35451|17.25 |17.25|48
35452|23.01 |23.01|48
35453|23.01 |23.01|48
35454|23.01 |23.01|48
35455|49.46 |49.46|48
35456|49.46 |49.46|48
35457|49.46 |49.46|48
35458|6.98 |6.98|48
35459|6.98 |6.98|48
35460|6.98 |6.98|48
35461|13.8 |13.8|48
35462|13.8 |13.8|48
35463|13.8 |13.8|48
35464|16.11 |16.11|48
35465|16.11 |16.11|48
35466|16.11 |16.11|48
35467|21.85 |21.85|48
35468|21.85 |21.85|48
35469|21.85 |21.85|48
35470|29.91 |29.91|48
35471|29.91 |29.91|48
35472|29.91 |29.91|48
35473|55.22 |55.22|48
35474|55.22 |55.22|48
35475|55.22 |55.22|48
35476|18.98 |18.98|48
35477|18.98 |18.98|48
35478|18.98 |18.98|48
35479|25.31 |25.31|48
35480|25.31 |25.31|48
35481|25.31 |25.31|48
35482|49.46 |49.46|48
35483|49.46 |49.46|48
35484|49.46 |49.46|48
35485|6.98 |6.98|48
35486|6.98 |6.98|48
35487|12.65 |12.65|48
35488|6.98 |6.98|48
35489|6.98 |6.98|48
35490|6.98 |6.98|48
35491|6.98 |6.98|48
35492|12.65 |12.65|48
35493|12.65 |12.65|48
35494|6.98 |6.98|48
35495|6.98 |6.98|48
35496|6.98 |6.98|48
35497|10.35 |10.35|48
35498|10.35 |10.35|48
35499|10.35 |10.35|48
35500|27.61 |27.61|48
35501|27.61 |27.61|48
35502|27.61 |27.61|48
35503|50.62 |50.62|48
35504|56.37 |56.37|48
35505|56.37 |56.37|48
