8100050|10
8150050|10
8100060|10
8150060|10
8100070|10
8150070|10
8100132|10
8150132|10
8100080|10
8150080|10
8100090|10
8150090|10
8100100|10
8150100|10
8300100|10
8100110|10
8150110|10
8100364|10
8150364|10
8100120|10
8150120|10
8100125|10
8150125|10
8100130|10
8150130|10
8300130|10
8100140|10
8150140|10
8300140|10
8100150|10
8150150|10
8300150|10
8100116|10
8150116|10
8100160|10
8150160|10
8100170|10
8150170|10
8100180|10
8150180|10
8300180|10
8100190|10
8150190|10
8100564|10
8150564|10
8100200|10
8150200|10
8300200|10
8100210|10
8150210|10
8100220|10
8150220|10
8150225|10
8100230|10
8150230|10
8100332|10
8150332|10
8100240|10
8150240|10
8300240|10
8100250|10
8150250|10
8300250|10
8300250T|10
8100260|10
8150260|10
8100270|10
8150270|10
8150275|10
8100764|10
8150764|10
8100280|10
8150280|10
8300280|10
8100290|10
8150290|10
8100300|10
8150300|10
8300300|10
8100310|10
8150310|10
8100018|10
8150018|10
8100320|10
8150320|10
8300320|10
8150325|10
8100330|10
8150330|10
8100340|10
8150340|10
8100350|10
8150350|10
8300350|10
8300350T|10
8100964|10
8150964|10
8100360|10
8150360|10
8100370|10
8150370|10
8150375|10
8100380|10
8150380|10
8100390|10
8150390|10
8100532|10
8150532|10
8100400|10
8150400|10
8300400|10
8300400T|10
8100410|10
8150410|10
8300410|10
8100420|10
8150420|10
8300420|10
8150425|10
8100430|10
8150430|10
8101164|10
8151164|10
8100440|10
8150440|10
8100450|10
8150450|10
8300450|10
8100460|10
8150460|10
8100470|10
8150470|10
8150475|10
8100316|10
8150316|10
8100480|10
8150480|10
8100490|10
8150490|10
8100500|10
8150500|10
8300500|10
8300500T|10
8100510|10
8150510|10
8101364|10
8151364|10
8100520|10
8150520|10
8300520|10
8150525|10
8100530|10
8150530|10
8100540|10
8150540|10
8100550|10
8150550|10
8300550|10
8300550T|10
8100732|10
8150732|10
8100560|10
8150560|10
8300560|10
8100570|10
8150570|10
8150575|10
8100580|10
8150580|10
8100590|10
8150590|10
8101564|10
8151564|10
8100600|10
8150600|10
8300600|10
8300600T|10
8100610|10
8150610|10
8300610|10
8100620|10
8150620|10
8100630|10
8150630|10
8100014|10
8150014|10
8300014|10
8100640|10
8150640|10
8100650|10
8150650|10
8300650|10
8300650T|10
8100660|10
8150660|10
8100670|10
8150670|10
8101764|10
8151764|10
8150675|10
8100680|10
8150680|10
8100690|10
8150690|10
8100700|10
8150700|10
8300700|10
8300700T|10
8100710|5
8150710|5
8100932|5
8150932|5
8100720|5
8150720|5
8150725|5
8100730|5
8150730|5
8300730|5
8100740|5
8150740|5
8100750|5
8150750|5
8300750|5
8300750T|5
8101964|5
8151964|5
8100760|5
8150760|5
8100770|5
8150770|5
8150775|5
8100780|5
8150780|5
8100790|5
8150790|5
8100516|5
8150516|5
8100800|5
8150800|5
8300800|5
8300800T|5
8100810|5
8150810|5
8100820|5
8150820|5
8150825|5
8100830|5
8150830|5
8102164|5
8152164|5
8100840|5
8150840|5
8200840|1
8100850|5
8150850|5
8300850|5
8300850T|5
8100860|5
8150860|5
8100870|5
8150870|5
8101132|5
8151132|5
8150875|5
8100880|5
8150880|5
8100890|5
8150890|5
8100900|5
8150900|5
8300900|5
8300900T|5
8100910|5
8150910|5
8102364|5
8152364|5
8100920|5
8150920|5
8150925|5
8100930|5
8150930|5
8100940|5
8150940|5
8100950|5
8150950|5
8300950|5
8300950T|5
8100038|5
8150038|5
8200038|1
8100960|5
8150960|5
8100970|5
8150970|5
8150975|5
8100980|5
8150980|5
8100990|5
8150990|5
8102564|5
8152564|5
8101000|5
8151000|5
8301000|5
8301000T|5
8201000|1
8201000T|1
8201000O|1
8101010|5
8151010|5
8101020|5
8151020|5
8201020|1
8101030|5
8151030|5
8101332|5
8151332|5
8101040|5
8151040|5
8201040|1
8101050|5
8151050|5
8301050|5
8301050T|5
8201050|1
8101060|5
8151060|5
8101070|5
8151070|5
8102764|5
8152764|5
8151075|5
8101080|5
8151080|5
8101090|5
8151090|5
8101100|5
8151100|5
8301100|5
8301100T|5
8201100|1
8201100T|1
8101110|5
8151110|5
8100716|5
8150716|5
8200716|1
8101120|5
8151120|5
8151125|5
8101130|5
8151130|5
8101140|5
8151140|5
8101150|5
8151150|5
8301150|5
8301150T|5
8201150|1
8201150T|1
8201150O|1
8102964|5
8152964|5
8101160|5
8151160|5
8101170|5
8151170|5
8151175|5
8101180|5
8151180|5
8301180|5
8101190|5
8151190|5
8101532|5
8151532|5
8101200|5
8151200|5
8301200|5
8301200T|5
8201200|1
8201200T|1
8101210|5
8151210|5
8101220|5
8151220|5
8151225|5
8101230|5
8151230|5
8103164|5
8153164|5
8101240|5
8151240|5
8101250|5
8151250|5
8301250|5
8301250T|5
8201250|1
8101260|5
8151260|5
8101270|5
8151270|5
8100012|5
8150012|5
8200012|1
8200012O|1
8151275|5
8101280|5
8151280|5
8101290|5
8151290|5
8101300|1
8151300|1
8301300|1
8201300|1
8201300T|1
8201300O|1
8101310|1
8151310|1
8101320|1
8151320|1
8101330|1
8151330|1
8101340|1
8151340|1
8101732|1
8151732|1
8101350|1
8151350|1
8301350|1
8201350|1
8201350T|1
8101360|1
8151360|1
8101370|1
8151370|1
8101380|1
8151380|1
8101390|1
8151390|1
8101400|1
8151400|1
8301400|1
8301400T|1
8201400|1
8201400T|1
8201400O|1
8100916|1
8150916|1
8200916|1
8200916O|1
8101450|1
8151450|1
8301450|1
8301450T|1
8201450|1
8101500|1
8151500|1
8301500|1
8201500|1
8201500O|1
8101550|1
8151550|1
8201550|1
8201550T|1
8101580|1
8100058|1
8150058|1
8200058|1
8101600|1
8151600|1
8301600|1
8201600|1
8201600T|1
8101650|1
8151650|1
8201650|1
8201650T|1
8201650O|1
8101700|1
8151700|1
8201700|1
8201700O|1
8101116|1
8151116|1
8201116|1
8101750|1
8151750|1
8201750|1
8101800|1
8151800|1
8201800|1
8201800T|1
8101850|1
8151850|1
8201850|1
8201850T|1
8101900|1
8151900|1
8201900|1
8201900T|1
8201900O|1
8100034|1
8150034|1
8200034|1
8200034O|1
8101950|1
8151950|1
8201950|1
8201950T|1
8201950O|1
8102000|1
8152000|1
8202000|1
8202000T|1
8102050|1
8152050|1
8202050|1
8101316|1
8151316|1
8201316|1
8102100|1
8152100|1
8202100|1
8202100T|1
8102150|1
8152150|1
8202150|1
8102200|1
8152200|1
8202200|1
8202200T|1
8100078|1
8150078|1
8200078|1
8102250|1
8152250|1
8202250|1
8102300|1
8152300|1
8202300|1
8102350|1
8152350|1
8202350|1
8202350T|1
8101516|1
8151516|1
8201516|1
8201516O|1
8102400|1
8152400|1
8202400|1
8202400T|1
8102450|1
8152450|1
8202450|1
8102500|1
8152500|1
8202500|1
8202500T|1
8100001|1
8150001|1
8200001|1
8200001O|1
8202550|1
8202600|1
8202600T|1
8202600O|1
8202650|1
8201116|1
8201.116O|1
8202700|1
8202700T|1
8202750|1
8202750O|1
8202800|1
8202800T|1
8202850|1
8201.18|1
8202900|1
8202900T|1
8202950|1
8202950O|1
8203000|1
8203000T|1
8203000O|1
8201316|1
8203050|1
8203100|1
8203100T|1
8203150|1
8201.14|1
8201.14O|1
8203200|1
8203200T|1
8203250|1
8203300|1
8203300T|1
8203300O|1
8201516|1
8201.516O|1
8203350|1
8203400|1
8203450|1
8203500|1
8203500T|1
8201.38|1
8203550|1
8203600|1
8203600T|1
8203650|1
8201716|1
8203700|1
8203700T|1
8203700O|1
8203750|1
8203800|1
8203800O|1
820112|1
820112O|1
8203850|1
8203900|1
8203950|1
8201916|1
8204000|1
8204050|1
8204100|1
8204100T|1
8201.58|1
8204150|1
8204200|1
8204250|1
81011116|1
8204300|1
8204300T|1
8204350|1
8204400|1
8201.34|1
8204450|1
8204500|1
8204550|1
8204600|1
82011316|1
8204650|1
8204700|1
8204700T|1
8204750|1
8201.78|1
8204800|1
8204850|1
8204900|1
82011516|1
8204950|1
8205000|1
8200002|1
8205100|1
8205200|1
8205300|1
8202.18|1
8205400|1
8205500|1
8202316|1
8205600|1
8205700|1
8202.14|1
8205800|1
8202516|1
8205900|1
8206000|1
8202.38|1
MCD0010150TL|1
MCD0010200|1
MCD0010220|1
MCD0010230|1
MCD0010230T|1
MCD0010250|1
MCD0010250TL|1
MCD0010260TL|1
MCD0010270|1
MCD0010280|1
MCD0010290TL|1
MCD0010300|1
MCD0010300TL|1
MCD0010310|1
MCD0010320|1
MCD0010330|1
MCD0010330TL|1
MCD0010340|1
MCD0010340T|1
MCD0010350|1
MCD0010350TL|1
MCD0010360|1
MCD0010370|1
MCD0010380|1
MCD0010390|1
MCD0010390TL|1
MCD0010400|1
MCD0010400TL|1
MCD0010410|1
MCD0010410TL|1
MCD0010420|1
MCD0010420T|1
MCD0010430|1
MCD0010440|1
MCD0010450|1
MCD0010450T|1
MCD0010460|1
MCD0010470|1
MCD0010480|1
MCD0010480TL|1
MCD0010490|1
MCD0010500|1
MCD0010500TL|1
MCD0010510|1
MCD0010510TL|1
MCD0010520|1
MCD0010530|1
MCD0010530T|1
MCD0010530TL|1
MCD0010540|1
MCD0010550|1
MCD0010550TL|1
MCD0010560|1
MCD0010570|1
MCD0010580|1
MCD0010590|1
MCD0010600|1
MCD0010600TL|1
MCD0010610|1
MCD0010610TL|1
MCD0010620|1
MCD0010620TL|1
MCD0010630|1
MCD0010640|1
MCD0010650|1
MCD0010650TL|1
MCD0010660|1
MCD0010660TL|1
MCD0010670|1
MCD0010680|1
MCD0010680TL|1
MCD0010690|1
MCD0010700|1
MCD0010710|1
MCD0010720|1
MCD0010720TL|1
MCD0010730|1
MCD0010740|1
MCD0010750|1
MCD0010760|1
MCD0010770|1
MCD0010780|1
MCD0010790|1
MCD0010800|1
MCD0010800TL|1
MCD0010810|1
MCD0010820|1
MCD0010830|1
MCD0010840|1
MCD0010850|1
MCD0010850TL|1
MCD0010860|1
MCD0010860TL|1
MCD0010870|1
MCD0010870TL|1
MCD0010880|1
MCD0010890|1
MCD0010900|1
MCD0010910|1
MCD0010920|1
MCD0010930|1
MCD0010940|1
MCD0010950|1
MCD0010960|1
MCD0010970|1
MCD0010980|1
MCD0010990|1
MCD0011000|1
MCD0011000T|1
MCD0011000TL|1
MCD0011010|1
MCD0011010TL|1
MCD0011020|1
MCD0011030|1
MCD0011040|1
MCD0011050|1
MCD0011060|1
MCD0011070|1
MCD0011080|1
MCD0011090|1
MCD0011100|1
MCD0011100TL|1
MCD0011110|1
MCD0011120|1
MCD0011120TL|1
MCD0011130|1
MCD0011140|1
MCD0011150|1
MCD0011150TL|1
MCD0011160|1
MCD0011170|1
MCD0011180|1
MCD0011190|1
MCD0011200|1
MCD0011200T|1
MCD0011200TL|1
MCD0011210|1
MCD0011210TL|1
MCD0011300|1
MCD0011300TL|1
MCD0011400|1
MCD0011400TL|1
8700300|1
8700350|1
8700400|1
8700500|1
8700550|1
8700600|1
8720600|1
8700650|1
8720650|1
8700700|1
8700800|1
8720800|1
8700900|1
8700950|1
8720950|1
8701000|1
8721000|1
8701100|1
8701200|1
8721200|1
8701300|1
8721300|1
8701400|1
8721400|1
8701600|1
8721600|1
8701900|1
8721900|1
8702200|1
8722200|1
8702500|1
8722500|1
8400100|1
8400125|1
8400160|1
8400200|1
8400250|1
8400315|1
8400400|1
8400500|1
8400630|1
800113|1
800119|1
800125|1
800213|1
800229|1
6200101|1
6200151|1
620021|1
620022|1
640021|1
640022|1
6200251|1
6200252|1
6400251|1
6400252|1
620031|1
620032|1
640031|1
640032|1
62000181|1
64000181|1
6200351|1
6200352|1
6400351|1
6400352|1
62005321|1
64005321|1
620041|1
620042|1
640041|1
640042|1
6200451|1
6200452|1
6400451|1
6400452|1
62003161|1
64003161|1
620051|1
620052|1
640051|1
640052|1
6200551|1
6200552|1
6400551|1
6400552|1
620061|1
620062|1
640061|1
640062|1
62000141|1
64000141|1
6200651|1
6200652|1
6400651|1
6400652|1
620071|1
620072|1
640071|1
640072|1
6200751|1
6200752|1
6400751|1
6400752|1
62005161|1
64005161|1
620081|1
620082|1
640081|1
640082|1
6200851|1
6200852|1
6400851|1
6400852|1
620091|1
620092|1
640091|1
640092|1
6200951|1
6200952|1
6400951|1
6400952|1
62000381|1
64000381|1
620101|1
620102|1
640101|1
640102|1
6201051|1
6201052|1
6401051|1
6401052|1
620111|1
620112|1
640111|1
640112|1
64007161|1
6201151|1
6201152|1
6401151|1
6401152|1
620121|1
620122|1
640121|1
640122|1
6201251|1
6401251|1
6401252|1
62000121|1
64000121|1
620131|1
620132|1
640131|1
640132|1
620141|1
620142|1
640141|1
640142|1
620151|1
620152|1
640151|1
640152|1
620161|1
620162|1
640161|1
640162|1
620171|1
620172|1
640171|1
640172|1
620181|1
620182|1
640181|1
640182|1
620191|1
620192|1
640191|1
640192|1
620201|1
620202|1
640201|1
640202|1
620211|1
620212|1
640211|1
640212|1
620221|1
620222|1
640221|1
640222|1
64000781|1
620231|1
620232|1
640231|1
640232|1
620241|1
620242|1
640241|1
640242|1
620251|1
620252|1
640251|1
640252|1
621011|1
6210151|1
621021|1
621022|1
641021|1
641022|1
6210251|1
6210252|1
6410251|1
6410252|1
621031|1
621032|1
641031|1
641032|1
62100181|1
64100181|1
6210351|1
6210352|1
6410351|1
6410352|1
62105321|1
64105321|1
621041|1
621042|1
641041|1
641042|1
6210451|1
6210452|1
6410451|1
6410452|1
62103161|1
64103161|1
621051|1
621052|1
641051|1
641052|1
6210551|1
6210552|1
6410551|1
6410552|1
621061|1
621062|1
641061|1
641062|1
62100141|1
64100141|1
6210651|1
6210652|1
6410651|1
6410652|1
621071|1
621072|1
641071|1
641072|1
6210751|1
6210752|1
6410751|1
6410752|1
62105161|1
64105161|1
621081|1
621082|1
641081|1
641082|1
6210851|1
6210852|1
6410851|1
6410852|1
621091|1
621092|1
641091|1
641092|1
6210951|1
6210952|1
6410951|1
6410952|1
62100381|1
64100381|1
621101|1
621102|1
641101|1
641102|1
6211051|1
6211052|1
6411051|1
6411052|1
621111|1
621112|1
641111|1
621112|1
6211151|1
6211152|1
6411151|1
6411152|1
621121|1
621122|1
641121|1
641122|1
6211251|1
6411251|1
6411252|1
62100121|1
64100121|1
621131|1
621132|1
641131|1
641132|1
621141|1
621142|1
641141|1
641142|1
621151|1
621152|1
641151|1
641152|1
621161|1
621162|1
641161|1
641162|1
621171|1
621172|1
641171|1
641172|1
621181|1
621182|1
641181|1
641182|1
621191|1
621192|1
641191|1
641192|1
621201|1
621202|1
641201|1
641202|1
621211|1
621212|1
641211|1
641212|1
621221|1
621222|1
641221|1
641222|1
621231|1
621232|1
641231|1
641232|1
621241|1
621242|1
641241|1
641242|1
621251|1
621252|1
641251|1
641252|1
MCM0010300|1
MCM0010300TL|1
MCM0060300|1
MCM0060300TL|1
MCM0040300|1
MCM0040300TL|1
MCM0160300|1
MCM0150300|1
MCM0190300|1
MCM0190300TL|1
MCM0010350|1
MCM0010350T|1
MCM0060350|1
MCM0060350TL|1
MCM0040350|1
MCM0160350|1
MMC0150350|1
MCM0150350T|1
MCM0150350TL|1
MCM0010400|1
MCM0010400TL|1
MCM0060400|1
MCM0040400|1
MCM0040400T|1
MCM0040400TL|1
MCM0160400|1
MCM0160400TL|1
MCM0150400|1
MCM0150400TL|1
MCM0190400|1
MCM0190400TL|1
MCM0010450|1
MCM0040450|1
MCM0040450TL|1
MCM0160450|1
MCM0150450|1
MCM0150450T|1
MCM0190450|1
MCM0010500|1
MCM0010500T|1
MCM0010500TL|1
MCM0060500|1
MCM0040500|1
MCM0040500TL|1
MCM0160500|1
MCM0150500|1
MCM0150500TL|1
MCM0190500|1
MCM0190500TL|1
MCM0150550|1
MCM0010600|1
MCM0010600T|1
MCM0010600TL|1
MCM0060600|1
MCM0060600T|1
MCM0060600TL|1
MCM0040600|1
MCM0040600T|1
MCM0040600TL|1
MCM0160600|1
MCM0160600TL|1
MCM0150600|1
MCM0150600T|1
MCM0150600TL|1
MCM0190600|1
MCM0190600TL|1
MCM0150650|1
MCM0010700|1
MCM0060700|1
MCM0040700|1
MCM0160700|1
MCM0150700|1
MCM0150700T|1
MCM0150700TL|1
MCM0190700|1
MCM0190700T|1
MCM0150750|1
MCM0010800|1
MCM0010800TL|1
MCM0060800|1
MCM0060800T|1
MCM0060800TL|1
MCM0040800|1
MCM0160800|1
MCM0150800|1
MCM0150800T|1
MCM0150800TL|1
MCM0190800|1
MCM0190800TL|1
MCM0010900|1
MCM0010900TL|1
MCM0060900|1
MCM0040900|1
MCM0160900|1
MCM0150900|1
MCM0150900TL|1
MCM0190900|1
MCM0011000|1
MCM0011000TL|1
MCM0061000|1
MCM0041000|1
MCM0041000T|1
MCM0041000TL|1
MCM0161000|1
MCM0151000|1
MCM0151000TL|1
MCM0191000|1
MCM0191000T|1
MCM0191000TL|1
90101|1
MCM0011100|1
MCM0011100TL|1
MCM0061100|1
MCM0041100|1
MCM0161100|1
MCM0151100|1
MCM0151100T|1
MCM0151100TL|1
MCM0191100|1
MCM0011200|1
MCM0011200T|1
MCM0011200TL|1
MCM0061200|1
MCM0061200TL|1
MCM0041200|1
MCM0041200TL|1
MCM0161200|1
MCM0151200|1
MCM0151200T|1
MCM0151200TL|1
MCM0191200|1
MCM0191200T|1
MCM0191200TL|1
MCM0151300|1
MCM0011400|1
MCM0061400|1
MCM0041400|1
MCM0161400|1
MCM0151400|1
MCM0151400TL|1
MCM0191400|1
MCM0011600|1
MCM0011600T|1
MCM0011600TL|1
MCM0061600|1
MCM0041600|1
MCM0161600|1
MCM0151600|1
MCM0151600T|1
MCM0151600TL|1
MCM0191600|1
MCM0191600TL|1
MCM0011800|1
MCM0061800|1
MCM0041800|1
MCM0041800TL|1
MCM0161800|1
MCM0151800|1
MCM0191800|1
MCM0151800TL|1
MCM0012000|1
MCM0012000TL|1
MCM0062000|1
MCM0042000|1
MCM0162000|1
MCM0152000|1
MCM0152000TL|1
MCM0192000|1
MCM0012200|1
MCM0062200|1
MCM0042200|1
MCM0162200|1
MCM0152200|1
MCM0012500|1
MCM0062500|1
MCM0042500|1
MMC0162500|1
MCM0152500|1
MCM0152500TL|1
MCM0192500|1
501036|1
501034|1
5010353|1
5010356|1
5010354|1
501043|1
501046|1
501044|1
5010456|1
5010454|1
501053|1
501055|1
501056|1
501054|1
501063|1
501065|1
501066|1
501064|1
501073|1
501076|1
501074|1
501083|1
501086|1
501084|1
501096|1
501094|1
501103|1
501106|1
501104|1
501123|1
501125|1
501126|1
501124|1
501143|1
501146|1
501144|1
501163|1
501165|1
501166|1
501164|1
501183|1
501186|1
501184|1
501203|1
501205|1
501206|1
501204|1
501203|1
501226|1
501224|1
501243|1
501246|1
501244|1
501273|1
501276|1
501274|1
501301|1
501306|1
501304|1
501364|1
551034|1
55103064|1
5510354|1
551044|1
5510454|1
551054|1
551064|1
551074|1
551084|1
551094|1
551104|1
551124|1
551144|1
551164|1
551184|1
551204|1
551224|1
551244|1
50230353|1
50230355|1
5024053|1
5024055|1
5025053|1
5025055|1
50260753|1
50260755|1
50280753|1
50280755|1
502813|1
502815|1
502915|1
502100755|1
5021013|1
5021015|1
502101253|1
502101255|1
5021213|1
5021215|1
502121253|1
502121255|1
50212153|1
50212155|1
5021413|1
5021415|1
502141253|1
502141255|1
50214153|1
50214155|1
5021613|1
5021615|1
50216153|1
50216155|1
5021813|1
5021815|1
50218153|1
50218155|1
5021823|1
5021825|1
5022013|1
5022015|1
50220153|1
50220155|1
5022023|1
5022025|1
50222153|1
50222155|1
5022223|1
5022225|1
50224153|1
50224155|1
5022423|1
5022425|1
50226155|1
50227155|1
50228155|1
50230153|1
50230155|1
5023023|1
5023025|1
502350355|1
55230354|1
5524054|1
5525054|1
55260754|1
55280754|1
552814|1
552914|1
5521013|1
5521014|1
552101254|1
5521214|1
552121254|1
55212154|1
552141254|1
55214154|1
5521614|1
55216154|1
55218154|1
5521824|1
55220154|1
5522024|1
55222154|1
5522224|1
55224154|1
552350354|1
503046|1
503053|1
503056|1
503054|1
503066|1
503064|1
503083|1
503086|1
503084|1
503103|1
503106|1
503104|1
5030123|1
5030126|1
5030124|1
503143|1
503146|1
503144|1
5035163|1
5035165|1
5035166|1
5035164|1
503383|1
503385|1
503386|1
503384|1
5037163|1
5037166|1
5037164|1
503123|1
503126|1
503124|1
5039163|1
5039166|1
5039164|1
503583|1
503586|1
503584|1
503343|1
503346|1
503344|1
503783|1
503786|1
503784|1
503013|1
503016|1
503014|1
5031183|1
5031186|1
5031184|1
5031143|1
5031146|1
5031144|1
5031124|1
553054|1
553064|1
553084|1
553104|1
5530124|1
553144|1
5535164|1
553384|1
5537164|1
553124|1
5539164|1
553583|1
553584|1
553344|1
553784|1
553014|1
504035|1
504053|1
504055|1
504065|1
504083|1
504085|1
504103|1
504105|1
5040123|1
5040125|1
504143|1
504145|1
5045163|1
5045165|1
504383|1
504385|1
5047163|1
5047165|1
504123|1
504125|1
5049163|1
5049165|1
504583|1
504585|1
504343|1
504345|1
504783|1
504785|1
50401123|1
50401125|1
5041183|1
5041185|1
5041143|1
5041145|1
554054|1
554084|1
554104|1
55412184|1
554144|1
5545164|1
554384|1
5547164|1
554124|1
5549164|1
554584|1
554344|1
554784|1
554014|1
505183|1
505186|1
505184|1
5055323|1
5055325|1
5055326|1
5055324|1
5053163|1
5053166|1
5053164|1
5057323|1
5057326|1
5057324|1
505143|1
505146|1
505144|1
5055163|1
5055166|1
5055164|1
505383|1
505386|1
505384|1
5057163|1
5057166|1
5057164|1
505123|1
505126|1
505124|1
5059163|1
5059166|1
5059164|1
505583|1
505586|1
505584|1
505343|1
505346|1
505344|1
505783|1
505786|1
505784|1
505013|1
505016|1
505014|1
5051183|1
5051186|1
5051184|1
5051143|1
5051146|1
5051144|1
5051126|1
555184|1
5555324|1
5553164|1
5557324|1
555144|1
5555164|1
555384|1
5557164|1
555124|1
5559164|1
555584|1
555344|1
555784|1
555014|1
5811163|1
581183|1
581143|1
581383|1
581123|1
581343|1
581013|1
5811143|1
5811123|1
581023|1
506183|1
506185|1
506143|1
506145|1
506383|1
506385|1
506123|1
506125|1
506583|1
506585|1
506343|1
506345|1
506783|1
506785|1
506013|1
506015|1
5061143|1
5061145|1
5061123|1
5061125|1
5061343|1
5061345|1
506023|1
506025|1
401103|1
401103T|1
401103O|1
401203|1
401203T|1
401203O|1
401303|1
401303T|1
401303O|1
451103|1
451103O|1
451203|1
451303|1
40120306|1
4011035|1
4012035|1
4013035|1
401104|1
401104T|1
401104O|1
401204|1
401204T|1
401204O|1
401304|1
401304T|1
401304O|1
451104|1
451104O|1
451204|1
451204O|1
451304|1
4012045|1
401105|1
401105T|1
401105O|1
401205|1
401205T|1
401205O|1
401305|1
401305T|1
401305O|1
451105|1
451105T|1
451105O|1
451205|1
451205O|1
451305|1
451305T|1
451305O|1
401106|1
401106T|1
401106O|1
401206|1
401206T|1
401206O|1
401306|1
401306T|1
401306O|1
451106|1
451106T|1
451106O|1
451206|1
451206T|1
451206O|1
451306|1
451306T|1
451306O|1
401107|1
401207|1
401108|1
401108T|1
401108O|1
401208|1
401208T|1
401208O|1
401308|1
401308T|1
401308O|1
451108|1
451108T|1
451108O|1
451208|1
451208T|1
451208O|1
451308|1
451308T|1
451308O|1
451109|1
451209|1
401110|1
401110T|1
401110O|1
401210|1
401210T|1
401210O|1
401310|1
401310T|1
401310O|1
451110|1
451110T|1
451110O|1
451210|1
451210T|1
451210O|1
451310|1
451310T|1
451310O|1
451112|1
451112T|1
451112O|1
451212|1
451212T|1
451212O|1
451312|1
451312T|1
451312O|1
451114|1
451114T|1
451114O|1
451214|1
451214T|1
451214O|1
451314|1
451314T|1
451116|1
451116T|1
451116O|1
451216|1
451216T|1
451216O|1
451316|1
451316T|1
451316O|1
451118|1
451118T|1
451118O|1
451218|1
451218T|1
451218O|1
451318|1
451318T|1
451318O|1
451120|1
451120T|1
451120O|1
451220|1
451220T|1
451220O|1
451320|1
451320T|1
451320O|1
451122|1
451122O|1
451222|1
451222O|1
451322|1
451322T|1
451322O|1
451124|1
451124O|1
451224|1
451224T|1
451224O|1
451324|1
451127|1
451127O|1
451227|1
451227O|1
451327|1
451327T|1
451327O|1
451130|1
451130O|1
451230|1
451230O|1
451330|1
451330T|1
451330O|1
452103|1
452203|1
452303|1
452104|1
452104T|1
452204|1
452304|1
452105|1
452105T|1
452105O|1
452205|1
452305|1
452305T|1
452106075|1
452106075T|1
452106075O|1
452206075|1
452206075T|1
452206075O|1
452306075|1
452108075|1
452108075T|1
452108075O|1
452208075|1
452208075T|1
452208075O|1
452308075|1
452308075T|1
452308075O|1
452181|1
452181T|1
452181O|1
4522081|1
4522081T|1
4522081O|1
4523081|1
4523081T|1
4523081O|1
4521101|1
4521101T|1
4521101O|1
4522101|1
4522101T|1
4522101O|1
4523101|1
4523101T|1
4523101O|1
452110125|1
452110125T|1
452110125O|1
452210125|1
452210125T|1
452210125O|1
452310125|1
452310125T|1
452310125O|1
4521121|1
4522121|1
4522121T|1
4522121O|1
4523121|1
4523121T|1
4523121O|1
452112125|1
452112125T|1
452112125O|1
452212125|1
452212125T|1
452212125O|1
452312125|1
452312125T|1
452312125O|1
45211215|1
45211215T|1
45211215O|1
45221215|1
45221215T|1
45221215O|1
45231215|1
45231215T|1
45231215O|1
452114125|1
452214125|1
452214125T|1
452214125O|1
452314125|1
45211415|1
45211415T|1
45211415O|1
45221415|1
45221415T|1
45221415O|1
45231415|1
45231415T|1
45231415O|1
4521161|1
4522161|1
4522161T|1
4522161O|1
4523161|1
45211615|1
45211615T|1
45211615O|1
45221615|1
45221615T|1
45221615O|1
45231615|1
45231615O|1
45211815|1
45211815T|1
45211815O|1
45221815|1
45221815T|1
45221815O|1
45231815|1
4521182|1
4522182|1
4522182O|1
4523182|1
45212015|1
45212015T|1
45212015O|1
45222015|1
45222015O|1
45232015|1
45232015T|1
4521202|1
4522202|1
4522202T|1
4523202|1
45212215|1
45212215T|1
45212215O|1
45222215|1
45222215T|1
45222215O|1
45232215|1
45232215O|1
4521222|1
4522222|1
4523222|1
4523222T|1
4523222O|1
45212415|1
45222415|1
45222415O|1
45232415|1
45232415T|1
45232415O|1
4521242|1
4522242|1
4522242O|1
4523242|1
4523242T|1
4523242O|1
45232615|1
45213015|1
45223015|1
45233015|1
403105|1
403105O|1
403205|1
403305|1
403305T|1
403305O|1
453105|1
453205|1
453305|1
453305T|1
453305O|1
403108|1
403108O|1
403208|1
403208T|1
403208O|1
403308|1
403308T|1
403308O|1
453108|1
453208|1
453208O|1
453308|1
453308T|1
453308O|1
403110|1
403110T|1
403110O|1
403210|1
403210T|1
403210O|1
403310|1
403310T|1
403310O|1
453110|1
453110T|1
453110O|1
453210|1
453210O|1
453310|1
453310T|1
453310O|1
4031012|1
4031012T|1
4031012O|1
403212|1
403212T|1
403312|1
45311224|1
45321224|1
45321224O|1
45331224|1
45331224T|1
45331225O|1
403114|1
403114T|1
403114O|1
403214|1
403214T|1
403214O|1
403314|1
403314T|1
403314O|1
453114|1
453114T|1
453114O|1
453214|1
453214T|1
453214O|1
453314|1
453314T|1
453314O|1
4031516|1
4031516T|1
4031516O|1
4032516|1
4032516T|1
4032516O|1
4033516|1
4033516O|1
4531516|1
4531516T|1
4531516O|1
4532516|1
4532516T|1
4532516O|1
4533516|1
4533516T|1
4533516O|1
403138|1
403138T|1
403138O|1
403238|1
403238T|1
403238O|1
403338|1
403338O|1
453138|1
453138T|1
453138O|1
453238|1
453238T|1
453238O|1
453338|1
453338T|1
453338O|1
4531716|1
4531716T|1
4531716O|1
4532716|1
4532716T|1
4532716O|1
4533716|1
4533716T|1
4533716O|1
453112|1
453112T|1
453112O|1
453212|1
453212T|1
453212O|1
453312|1
453312T|1
453312O|1
4531916|1
4531916O|1
4532916|1
4532916T|1
4532916O|1
453158|1
453158O|1
453258|1
453258T|1
453258O|1
453358|1
453358T|1
453358O|1
453134|1
453134T|1
453134O|1
453234|1
453234T|1
453234O|1
453334|1
453334T|1
453334O|1
453178|1
453178T|1
453178O|1
453278|1
453278T|1
453278O|1
453378|1
453378T|1
453378O|1
453101|1
453201|1
453201T|1
453201O|1
453301|1
4531118|1
4532118|1
4532118O|1
4533118|1
4531114|1
4532114|1
4532114O|1
4533114|1
404105|1
404105O|1
404205|1
404205O|1
404305|1
404305T|1
404305O|1
454105|1
454205|1
454205O|1
454305|1
454305T|1
454305O|1
404108|1
404208|1
404208O|1
404308|1
404308T|1
404308O|1
454108|1
454208|1
454308|1
454308T|1
454308O|1
404110|1
404110T|1
404110O|1
404210|1
404210T|1
404210O|1
404310|1
404310T|1
404310O|1
454110|1
454110T|1
454110O|1
454210|1
454210O|1
454310|1
454310T|1
454310O|1
40411228|1
40411228t|1
40411228o|1
40421228|1
40431228|1
40431228t|1
40431228o|1
45411228|1
45411228t|1
45411228o|1
45421228|1
45421228t|1
45421228o|1
45431228|1
45431228t|1
45431228o|1
404114|1
404114O|1
404214|1
404214T|1
404214O|1
404314|1
404314T|1
404314O|1
454114|1
454114T|1
454114O|1
454214|1
454214T|1
454214O|1
454314|1
454314T|1
454314O|1
4041516|1
4041516T|1
4041516O|1
4042516|1
4042516T|1
4042516O|1
4043516|1
4043516T|1
4043516O|1
4541516|1
4541516O|1
4542516|1
4542516T|1
4542516O|1
4543516|1
4543516T|1
4543516O|1
404138|1
404138T|1
404138O|1
404238|1
404238T|1
404238O|1
404338|1
404338T|1
404338O|1
454138|1
454138T|1
454138O|1
454238|1
454238T|1
454238O|1
454338|1
454338T|1
454338O|1
4541716|1
4541716T|1
4541716O|1
4542716|1
4542716T|1
4542716O|1
4543716|1
4543716T|1
4543716O|1
454112|1
454112T|1
454112O|1
454212|1
454212T|1
454212O|1
454312|1
454312T|1
454312O|1
4541916|1
4541916O|1
4542916|1
4542916T|1
4542916O|1
4543916|1
4543916O|1
454158|1
454158T|1
454158O|1
454258|1
454258T|1
454258O|1
454358|1
454358T|1
454358O|1
454134|1
454134T|1
454134O|1
454234|1
454234O|1
454334|1
454334T|1
454334O|1
454178|1
454178O|1
454278|1
454278T|1
454278O|1
454378|1
454378T|1
454378O|1
454101|1
454201|1
454301|1
4541118|1
4542118|1
4543118|1
4541114|1
4542114|1
4543114|1
405118|1
405118O|1
405218|1
405218T|1
405218O|1
405318|1
405318T|1
405318O|1
455118|1
455218|1
455218O|1
455318|1
4051532|1
4051532O|1
4052532|1
4052532T|1
4052532O|1
4053532|1
4053532T|1
4053532O|1
4552532|1
4051316|1
4051316T|1
4051316O|1
4052316|1
4052316T|1
4052316O|1
4053316|1
4053316T|1
4053316O|1
4551316|1
4551316O|1
4552316|1
4553316|1
4553316T|1
4553316O|1
4051732|1
4051732T|1
4051732O|1
4052732|1
4053732|1
4053732O|1
405114|1
405114T|1
405114O|1
405214|1
405214T|1
405214O|1
405314|1
405314T|1
405314O|1
455114|1
455114T|1
455114O|1
455214|1
455214T|1
455214O|1
455314|1
455314T|1
455314O|1
4051516|1
4051516T|1
4051516O|1
4052516|1
4052516T|1
4052516O|1
4053516|1
4053516T|1
4053516O|1
4551516|1
4551516T|1
4551516O|1
4552516|1
4552516T|1
4552516O|1
4553516|1
4553516T|1
4553516O|1
405138|1
405138T|1
405138O|1
405238|1
405238T|1
405238O|1
405338|1
405338T|1
405338O|1
455138|1
455138T|1
455138O|1
455238|1
455238T|1
455238O|1
455338|1
455338T|1
455338O|1
4551716|1
4551716T|1
4551716O|1
4552716|1
4552716T|1
455716O|1
4553716|1
4553716T|1
4553716O|1
455112|1
455112T|1
455112O|1
455212|1
455212T|1
455212O|1
455312|1
455312T|1
455312O|1
4551916|1
4552916|1
4552916T|1
4552916O|1
455158|1
455158O|1
455258|1
455258T|1
45558O|1
455134|1
455134O|1
455234|1
455234O|1
455334|1
455334T|1
455334O|1
455178|1
455278|1
455278O|1
455378|1
455101|1
455201|1
455301|1
4551118|1
4552118|1
4553118|1
4551114|1
4552114|1
4553114|1
456118|1
456118O|1
456218|1
456218T|1
456218O|1
456318|1
456114|1
456114O|1
456214|1
456214T|1
456214O|1
456314|1
456314O|1
456138|1
456138O|1
456238|1
456238T|1
456238O|1
456338|1
456338O|1
456112|1
456112T|1
456112O|1
456212|1
456212T|1
456312|1
456312T|1
456158|1
456258|1
456358|1
456134|1
456234|1
456234T|1
456234O|1
456334|1
456178|1
456278|1
456378|1
456378T|1
456378O|1
456101|1
456201|1
456201T|1
456301|1
4561114|1
4562114|1
4563114|1
4561112|1
4562112|1
4563112|1
210316212|1
2103163|1
2103164|1
21014212|1
210143|1
210144|1
210145|1
210146|1
210148|1
210516212|1
2105163|1
2105164|1
2105165|1
2105166|1
2105168|1
210383|1
21038312|1
210384|1
210385|1
210386|1
210388|1
210716312|1
2107164|1
2107166|1
210124|1
210125|1
210126|1
210128|1
210584|1
21058412|1
210585|1
210586|1
210588|1
210345|1
210346|1
210348|1
210785|1
210786|1
210788|1
210016|1
210017|1
210018|1
215316212|1
2153163|1
2153164|1
21514212|1
215143|1
215144|1
215146|1
215148|1
215516212|1
2155163|1
2155164|1
2155166|1
2155168|1
215383|1
21538312|1
215384|1
215385|1
215386|1
215388|1
215716312|1
2157164|1
2157166|1
215124|1
215125|1
215126|1
215128|1
21558412|1
215585|1
215586|1
215588|1
215345|1
215346|1
215348|1
215785|1
215786|1
215788|1
215016|1
215017|1
215018|1
2300260|1
2302560|1
2300360|1
23003100|1
230183|1
2300460|1
23004100|1
2303163|1
2303164|1
23005100|1
23006100|1
23014212|1
230144|1
23007100|1
2305164|1
23008100|1
23009100|1
230383|1
230384|1
230386|1
23010100|1
2307164|1
2307166|1
23012100|1
23012150|1
230124|1
230126|1
23014100|1
23014150|1
230584|1
230586|1
23016100|1
23016150|1
23018100|1
23018150|1
23020100|1
23020150|1
230786|1
2350260|1
23502560|1
23503100|1
235184|1
2350460|1
23504100|1
2353163|1
2353164|1
23505100|1
23506100|1
235144|1
23507100|1
2355164|1
23508100|1
23509100|1
235383|1
235384|1
235386|1
23510100|1
2357164|1
2357166|1
23512100|1
23512150|1
235124|1
235126|1
23514100|1
23514150|1
23515100|1
235584|1
235586|1
23516100|1
23516150|1
23518100|1
23518150|1
23520100|1
23520150|1
235786|1
25012332412|1
2501218412|1
25012186|1
250583325|1
25058185|1
25058186|1
250585325|1
250585326|1
250583165|1
250343325|1
250343326|1
25034185|1
25034186|1
250345325|1
250345326|1
250343165|1
250343166|1
25078186|1
250785326|1
250783166|1
2501186|1
25015326|1
25013166|1
25512332412|1
2551218412|1
25512186|1
255583325|1
25558185|1
25558186|1
255585325|1
255585326|1
25558386|1
25558126|1
255343325|1
255343326|1
25534185|1
25534186|1
255345325|1
255345326|1
255343165|1
255343166|1
25534386|1
25534126|1
25578186|1
255785326|1
255783166|1
25578126|1
255118412|1
2551186|1
25515326|1
25513166|1
2551386|1
2551126|1
24058386|1
24058126|1
24034386|1
24034126|1
24078386|1
24078126|1
2401386|1
2401126|1
24011438612|1
240114126|1
240112386|1
240112126|1
303D0201|1
304D0201|1
305D0201|1
303D0202|1
304D0202|1
305D0202|1
303A0207|1
304A0207|1
305A0207|1
303G0207|1
304G0207|1
305G0207|1
303L0207|1
304L0207|1
305L0207|1
303M0207|1
304M0207|1
305M0207|1
303A0210|1
304A0210|1
305A0210|1
303B0210|1
304B0210|1
305B0210|1
303C0210|1
304C0210|1
305C0210|1
303K0302|1
304K0302|1
305K0302|1
303D0302|1
304D0302|1
305D0302|1
303J0303|1
304J0303|1
305J0303|1
303E0307|1
304E0307|1
305E0307|1
303H0307|1
304H0307|1
305H0307|1
303N0307|1
304N0307|1
305N0307|1
303M0311|1
304M0311|1
305M0311|1
303A0313|1
304A0313|1
305A0313|1
303B0313|1
304B0313|1
305B0313|1
303C0313|1
304C0313|1
305C0313|1
303F0313|1
304F0313|1
305F0313|1
303G0313|1
304G0313|1
305G0313|1
303L0313|1
304L0313|1
305L0313|1
303D0403|1
304D0403|1
305D0403|1
303A0413|1
304A0413|1
305A0413|1
303B0413|1
304B0413|1
305B0413|1
303C0413|1
304C0413|1
305C0413|1
303K0603|1
304K0603|1
305K0603|1
303D0605|1
304D0605|1
305D0605|1
303J0605|1
304J0605|1
305J0605|1
303N0607|1
304N0607|1
305N0607|1
303E0610|1
304E0610|1
305E0610|1
303A0616|1
304A0616|1
305A0616|1
303B0616|1
304B0616|1
305B0616|1
303C0616|1
304C0616|1
305C0616|1
303L0616|1
304L0616|1
305L0616|1
303F0618|1
304F0618|1
305F0618|1
303G0618|1
304G0618|1
305G0618|1
303H0618|1
304H0618|1
305H0618|1
303M0618|1
304M0618|1
305M0618|1
303D0807|1
304D0807|1
305D0807|1
303E0813|1
304E0813|1
305E0813|1
303A0820|1
304A0820|1
305A0820|1
303B0820|1
304B0820|1
305B0820|1
303C0820|1
304C0820|1
305C0820|1
303G0820|1
304G0820|1
305G0820|1
303H0820|1
304H0820|1
305H0820|1
303K1005|1
304K1005|1
305K1005|1
303D1009|1
304D1009|1
305D1009|1
303J1009|1
304J1009|1
305J1009|1
303E1016|1
304E1016|1
305E1016|1
303A1020|1
304A1020|1
305A1020|1
303B1020|1
304B1020|1
305B1020|1
303C1020|1
304C1020|1
305C1020|1
303F1020|1
304F1020|1
305F1020|1
303G1020|1
304G1020|1
305G1020|1
303M1020|1
304M1020|1
305M1020|1
303H1025|1
304H1025|1
305H1025|1
303L1025|1
304L1025|1
305L1025|1
303K1206|1
304K1206|1
305K1206|1
303D1210|1
304D1210|1
305D1210|1
303J1210|1
304J1210|1
305J1210|1
303N1213|1
304N1213|1
305N1213|1
303E1220|1
304E1220|1
305E1220|1
303A1225|1
304A1225|1
305A1225|1
303B1225|1
304B1225|1
305B1225|1
303C1225|1
304C1225|1
305C1225|1
303F1225|1
304F1225|1
305F1225|1
303G1225|1
304G1225|1
305G1225|1
303M1225|1
304M1225|1
305M1225|1
303L1228|1
304L1228|1
305L1228|1
303H1232|1
304H1232|1
305H1232|1
303K1608|1
304K1608|1
305K1608|1
303J1613|1
304J1613|1
305J1613|1
303D1614|1
304D1614|1
305D1614|1
303N1616|1
304N1616|1
305N1616|1
303A1625|1
304A1625|1
305A1625|1
303B1625|1
304B1625|1
305B1625|1
303C1625|1
304C1625|1
305C1625|1
303E1625|1
304E1625|1
305E1625|1
303F1625|1
304F1625|1
305F1625|1
303G1625|1
304G1625|1
305G1625|1
303M1625|1
304M1625|1
305M1625|1
303L1633|1
304L1633|1
305L1633|1
303H1636|1
304H1636|1
305H1636|1
305D1917|1