D12X10|0.44|0.4|100
D12X12|0.44|0.4|100
D12X14|0.44|0.4|100
D12X16|0.44|0.4|100
D12X18|0.44|0.4|100
D12X20|0.44|0.4|100
D12X22|0.44|0.4|100
D12X24|0.46|0.41|100
D12X26|0.46|0.41|100
D12X28|0.46|0.41|100
D12X30|0.46|0.41|100
D12X32|0.46|0.41|100
D12X36|0.46|0.41|100
D12.3X35/PE-1003|0.46|0.41|100
D12.3X35T/PET-1050|0.5|0.45|100
D12.5X10|0.4|0.36|100
D12.5X12|0.4|0.36|100
D12.5X14|0.4|0.36|100
D12.5X16|0.41|0.37|100
D12.5X18|0.41|0.37|100
D12.5X20|0.41|0.37|100
D12.5X22|0.41|0.37|100
D12.5X24|0.41|0.37|100
D12.5X26|0.41|0.37|100
D12.5X28|0.41|0.37|100
D12.5X30|0.41|0.37|100
D12.5X32|0.44|0.4|100
D12.5X34|0.44|0.4|100
D12.5X36|0.44|0.4|100
D12.5X38|0.44|0.4|100
D12.5X40|0.44|0.4|100
D13X10|0.28|0.25|100
D13X12|0.28|0.25|100
D13X14|0.29|0.26|100
D13X16|0.29|0.26|100
D13X18|0.29|0.26|100
D13X20|0.29|0.26|100
D13X22|0.3|0.27|100
D13X24|0.31|0.28|100
D13X26|0.32|0.29|100
D13X28|0.32|0.29|100
D13X30|0.32|0.29|100
D13X32|0.33|0.3|100
D13X36|0.33|0.3|100
D13X40|0.36|0.32|100
D13X45|0.4|0.36|100
D13X50/PE-1004|0.41|0.37|100
D13X50T/PET-1051|0.42|0.38|100
D13.7X65/PE-1005|0.42|0.38|100
D13.7X65T/PET-1052|0.49|0.44|100
D14X10|0.28|0.25|100
D14X12|0.29|0.26|100
D14X14|0.29|0.26|100
D14X16|0.29|0.26|100
D14X18|0.29|0.26|100
D14X20|0.3|0.27|100
D14X22|0.31|0.28|100
D14X24|0.34|0.31|100
D14X26|0.36|0.32|100
D14X28|0.36|0.32|100
D14X30|0.36|0.32|100
D14X32|0.39|0.35|100
D14X36|0.4|0.36|100
D14X40|0.4|0.36|100
D14X45|0.42|0.38|100
D14X50|0.44|0.4|100
D14X55|0.46|0.41|100
D14X60|0.48|0.43|100
D14X70|0.53|0.48|100
D14X80|0.59|0.53|100
D14X90|0.68|0.61|100
D14X100|0.68|0.61|100
D14.5X75/PE-1006|0.71|0.64|100
D14.5X75T/PET-1053|0.82|0.74|100
D15X10|0.29|0.26|100
D15X12|0.29|0.26|100
D15X14|0.29|0.26|100
D15X16|0.29|0.26|100
D15X18|0.3|0.27|100
D15X20|0.3|0.27|100
D15X22|0.3|0.27|100
D15X24|0.31|0.28|100
D15X26|0.33|0.3|100
D15X28|0.34|0.31|100
D15X30|0.36|0.32|100
D15X32|0.4|0.36|100
D15X36|0.42|0.38|100
D15X40|0.43|0.39|100
D15X45|0.44|0.4|100
D15X50|0.46|0.41|100
D15X55|0.48|0.43|100
D15X60|0.53|0.48|100
D15X70|0.56|0.5|100
D15X80|0.76|0.68|100
D15X90|0.97|0.87|100
D15X100|1.12|1.01|100
D15.2X90/PE-1007|1.16|1.04|100
D15.2X90T/PET-1054|1.4|1.26|100
D16X12|0.34|0.31|100
D16X14|0.36|0.32|100
D16X16|0.36|0.32|100
D16X18|0.36|0.32|100
D16X20|0.36|0.32|100
D16X22|0.37|0.33|100
D16X24|0.38|0.34|100
D16X26|0.4|0.36|100
D16X28|0.4|0.36|100
D16X30|0.41|0.37|100
D16X32|0.41|0.37|100
D16X36|0.42|0.38|100
D16X40|0.43|0.39|100
D16X45|0.46|0.41|100
D16X50|0.48|0.43|100
D16X55|0.49|0.44|100
D16X60|0.54|0.49|100
D16X70|0.59|0.53|100
D16X80|0.88|0.79|100
D16X90|1.02|0.92|100
D16X100|1.18|1.06|100
D16X110|1.58|1.42|100
D16.8X110/PE-1009|1.59|1.43|100
D16.8X110T/PET-1056|1.88|1.69|100
D17X30|0.52|0.47|100
D17X40|0.58|0.52|100
D17X50|0.61|0.55|100
D17X60|0.66|0.59|100
D17X80|0.9|0.81|100
D17X90|1.09|0.98|100
D17X100|1.26|1.13|100
D17X110|1.41|1.27|100
D17X120|1.46|1.31|100
D17.6X120/PE-1010|1.77|1.59|100
D17.6X120T/PET-1057|2.17|1.95|100
D18X16|0.46|0.41|100
D18X18|0.46|0.41|100
D18X20|0.47|0.42|100
D18X22|0.48|0.43|100
D18X24|0.49|0.44|100
D18X26|0.49|0.44|100
D18X28|0.49|0.44|100
D18X30|0.5|0.45|100
D18X32|0.51|0.46|100
D18X36|0.52|0.47|100
D18X40|0.53|0.48|100
D18X45|0.56|0.5|100
D18X50|0.6|0.54|100
D18X55|0.62|0.56|100
D18X60|0.63|0.57|100
D18X70|0.72|0.65|100
D18X80|0.92|0.83|100
D18X90|1.1|0.99|100
D18X100|1.27|1.14|100
D18X110|1.27|1.14|100
D18X120|1.43|1.29|100
D18.4X130/PE-1011|2.84|2.56|50
D18.4X130T/PET-1058|3.38|3.04|50
D19.2X140/PE-1012|3.09|2.78|50
D19.2X140T/PET-1059|3.77|3.39|50
D110X20|0.53|0.48|100
D110X22|0.56|0.5|100
D110X24|0.56|0.5|100
D110X26|0.57|0.51|100
D110X28|0.58|0.52|100
D110X30|0.59|0.53|100
D110X32|0.59|0.53|100
D110X36|0.62|0.56|100
D110X40|0.63|0.57|100
D110X45|0.66|0.59|100
D110X50|0.74|0.67|100
D110X55|0.78|0.7|100
D110X60|0.99|0.89|100
D110X70|1.12|1.01|100
D110X80|1.3|1.17|100
D110X90|1.43|1.29|100
D110X100|1.62|1.46|100
D110X110|2.17|1.95|100
D110X120|2.36|2.12|100
D110.2X140/PE-1013|4.26|3.83|50
D110.2X140T/PET-1060|5.14|4.63|50
D111.2X140/PE-1014|3.82|3.44|50
D111.2X140T/PET-1061|5.18|4.66|50
D112X24|0.8|0.72|100
D112X26|0.82|0.74|100
D112X28|0.86|0.77|100
D112X30|0.88|0.79|100
D112X32|0.9|0.81|100
D112X36|0.96|0.86|100
D112X40|0.99|0.89|100
D112X45|1.06|0.95|100
D112X50|1.12|1.01|100
D112X55|1.18|1.06|100
D112X60|1.23|1.11|100
D112X70|1.54|1.39|100
D112X80|1.74|1.57|100
D112X90|1.96|1.76|100
D112X100|2.16|1.94|100
D112X110|2.78|2.5|50
D112X120|2.43|2.19|100
D112.2X140/PE-1015|4.2|3.78|50
D112.2X140T/PET-1062|6.14|5.53|25
D113.2X140/PE-1016|4.16|3.74|50
D113.2X140T/PET-1063|6.38|5.74|50
D114.2X140/PE-1017|4.44|4,00|50
D114.2X140T/PET-1064|6.31|5.68|25
D115.2X140/PE-1018|4.92|4.43|50
D115.2X140T/PET-1065|7.61|6.85|25
D116X40|1.39|1.25|100
D116X45|1.48|1.33|100
D116X50|1.66|1.49|100
D116X55|2.01|1.81|100
D116X60|2.19|1.97|100
D116X70|2.53|2.28|100
D116X80|2.89|2.6|100
D116X90|3.24|2.92|50
D116X100|3.57|3.21|50
D116X110|3.83|3.45|50
D116X120|4.07|3.66|50
D116.2X140/PE-1019|5.99|5.39|50
D116.2X140T/PET-1066|9.23|8.31|25
D117.2X140/PE-1020|5.99|5.39|50
D117.2X140T/PET-1067|9.57|8.61|25
D120X50|2.61|2.35|50
D120X55|3.48|3.13|50
D120X60|3.66|3.29|50
D120X70|4.93|4.44|50
D120X80|5.28|4.75|50
D120X90|5.64|5.08|25
D120X100|6.18|5.56|25
D120X110|6.73|6.06|25
D120X120|7.27|6.54|25
D63252X10|0.27|0.24|100
D63252X12|0.27|0.24|100
D63252X14|0.27|0.24|100
D63252X16|0.27|0.24|100
D63252X18|0.27|0.24|100
D63252X20|0.29|0.26|100
D63252.5X10|0.31|0.28|100
D63252.5X12|0.31|0.28|100
D63252.5X14|0.31|0.28|100
D63252.5X16|0.31|0.28|100
D63252.5X18|0.32|0.29|100
D63252.5X20|0.32|0.29|100
D63252.5X24|0.32|0.29|100
D63253X10|0.22|0.2|100
D63253X12|0.22|0.2|100
D63253X14|0.22|0.2|100
D63253X16|0.22|0.2|100
D63253X18|0.22|0.2|100
D63253X20|0.22|0.2|100
D63253X24|0.23|0.21|100
D63253X26|0.23|0.21|100
D63253X28|0.24|0.22|100
D63253X30|0.23|0.21|100
D63253X32|0.26|0.23|100
D63253X36|0.28|0.25|100
D63253X40|0.29|0.26|100
D63253X45|0.34|0.31|100
D63253X50|0.34|0.31|100
D63254X10|0.22|0.2|100
D63254X12|0.22|0.2|100
D63254X14|0.22|0.2|100
D63254X16|0.24|0.22|100
D63254X18|0.24|0.22|100
D63254X20|0.24|0.22|100
D63254X24|0.26|0.23|100
D63254X26|0.26|0.23|100
D63254X28|0.26|0.23|100
D63254X30|0.26|0.23|100
D63254X32|0.27|0.24|100
D63254X36|0.29|0.26|100
D63254X40|0.29|0.26|100
D63254X45|0.29|0.26|100
D63254X50|0.3|0.27|100
D63255X10|0.2|0.18|100
D63255X12|0.21|0.19|100
D63255X14|0.21|0.19|100
D63255X16|0.21|0.19|100
D63255X18|0.22|0.2|100
D63255X20|0.22|0.2|100
D63255X24|0.23|0.21|100
D63255X26|0.23|0.21|100
D63255X28|0.26|0.23|100
D63255X30|0.26|0.23|100
D63255X32|0.26|0.23|100
D63255X36|0.27|0.24|100
D63255X40|0.28|0.25|100
D63255X45|0.29|0.26|100
D63255X50|0.29|0.26|100
D63255X55|0.3|0.27|100
D63255X60|0.4|0.36|100
D63255X70|0.41|0.37|100
D63255X80|0.52|0.47|100
D63256X12|0.21|0.19|100
D63256X14|0.21|0.19|100
D63256X16|0.22|0.2|100
D63256X18|0.22|0.2|100
D63256X20|0.23|0.21|100
D63256X24|0.24|0.22|100
D63256X26|0.24|0.22|100
D63256X28|0.26|0.23|100
D63256X30|0.26|0.23|100
D63256X32|0.27|0.24|100
D63256X36|0.29|0.26|100
D63256X40|0.3|0.27|100
D63256X45|0.31|0.28|100
D63256X50|0.32|0.29|100
D63256X55|0.36|0.32|100
D63256X60|0.43|0.39|100
D63256X70|0.54|0.49|100
D63256X80|0.64|0.58|100
D63256X90|0.69|0.62|100
D63258X16|0.27|0.24|100
D63258X18|0.29|0.26|100
D63258X20|0.29|0.26|100
D63258X24|0.32|0.29|100
D63258X28|0.32|0.29|100
D63258X30|0.34|0.31|100
D63258X32|0.36|0.32|100
D63258X36|0.38|0.34|100
D63258X40|0.39|0.35|100
D63258X45|0.42|0.38|100
D63258X50|0.47|0.42|100
D63258X55|0.52|0.47|100
D63258X60|0.56|0.5|100
D63258X70|0.64|0.58|100
D63258X80|0.73|0.66|100
D63258X90|0.83|0.75|100
D632510X20|0.37|0.33|100
D632510X24|0.41|0.37|100
D632510X26|0.42|0.38|100
D632510X28|0.44|0.4|100
D632510X30|0.48|0.43|100
D632510X32|0.53|0.48|100
D632510X36|0.59|0.53|100
D632510X40|0.64|0.58|100
D632510X45|0.7|0.63|100
D632510X50|0.78|0.7|100
D632510X55|0.84|0.76|100
D632510X60|0.93|0.84|100
D632510X70|1.07|0.96|100
D632510X80|1.24|1.12|100
D632510X90|1.36|1.22|100
D632510X100|1.48|1.33|100
D632510X110|1.66|1.49|100
D632512X24|0.56|0.5|100
D632512X26|0.6|0.54|100
D632512X28|0.63|0.57|100
D632512X30|0.69|0.62|100
D632512X32|0.77|0.69|100
D632512X36|0.83|0.75|100
D632512X40|0.92|0.83|100
D632512X45|1.02|0.92|100
D632512X50|1.11|1,00|100
D632512X55|1.13|1.02|100
D632512X60|1.16|1.04|100
D632512X70|1.28|1.15|100
D632512X80|1.44|1.3|100
D632512X90|1.59|1.43|100
D632512X100|1.68|1.51|100
D632512X110|1.92|1.73|100
D632512X120|2.12|1.91|100
D632514X28|0.82|0.74|100
D632514X30|0.86|0.77|100
D632514X32|0.93|0.84|100
D632514X36|0.96|0.86|100
D632514X40|1.1|0.99|100
D632514X50|1.3|1.17|100
D632514X55|1.41|1.27|100
D632514X60|1.54|1.39|100
D632514X70|1.8|1.62|100
D632514X80|2.03|1.83|100
D632514X90|2.28|2.05|100
D632514X100|2.51|2.26|100
D632516X30|0.99|0.89|100
D632516X32|1.11|1,00|100
D632516X36|1.07|0.96|100
D632516X40|1.24|1.12|100
D632516X45|1.33|1.2|100
D632516X50|1.44|1.3|100
D632516X55|1.61|1.45|100
D632516X60|1.82|1.64|100
D632516X70|1.99|1.79|100
D632516X80|2.27|2.04|100
D632516X90|2.53|2.28|100
D632516X100|2.89|2.6|100
D632516X110|3.08|2.77|50
D632516X120|3.48|3.13|50
D632520X30|1.56|1.4|100
D632520X32|1.64|1.48|100
D632520X36|1.66|1.49|100
D632520X40|1.74|1.57|100
D632520X45|1.94|1.75|100
D632520X50|2.03|1.83|100
D632520X55|2.21|1.99|100
D632520X60|2.42|2.18|50
D632520X70|3.6|3.24|50
D632520X80|4,00|3.6|50
D632520X90|4.6|4.14|50
D632520X100|5,00|4.5|50
D632520X110|5.5|4.95|50
D632520X120|6,00|5.4|50
D72X10|0.31|0.28|100
D72X12|0.31|0.28|100
D72X14|0.31|0.28|100
D72X16|0.31|0.28|100
D72X18|0.31|0.28|100
D72X20|0.31|0.28|100
D72.5X10|0.31|0.28|100
D72.5X12|0.31|0.28|100
D72.5X14|0.31|0.28|100
D72.5X16|0.31|0.28|100
D72.5X18|0.32|0.29|100
D72.5X20|0.32|0.29|100
D72.5X24|0.32|0.29|100
D73X10|0.19|0.17|100
D73X12|0.19|0.17|100
D73X14|0.19|0.17|100
D73X16|0.19|0.17|100
D73X18|0.19|0.17|100
D73X20|0.19|0.17|100
D73X24|0.19|0.17|100
D73X26|0.19|0.17|100
D73X28|0.19|0.17|100
D73X30|0.19|0.17|100
D73X32|0.19|0.17|100
D73X40|0.19|0.17|100
D73X45|0.23|0.21|100
D73X50|0.24|0.22|100
D73X55|0.26|0.23|100
D73X60|0.26|0.23|100
D74X10|0.2|0.18|100
D74X12|0.2|0.18|100
D74X14|0.2|0.18|100
D74X16|0.21|0.19|100
D74X18|0.21|0.19|100
D74X20|0.21|0.19|100
D74X24|0.22|0.2|100
D74X28|0.22|0.2|100
D74X30|0.22|0.2|100
D74X32|0.22|0.2|100
D74X36|0.22|0.2|100
D74X40|0.22|0.2|100
D74X45|0.26|0.23|100
D74X50|0.26|0.23|100
D74X55|0.44|0.4|100
D74X60|0.49|0.44|100
D75X10|0.19|0.17|100
D75X12|0.19|0.17|100
D75X14|0.2|0.18|100
D75X16|0.2|0.18|100
D75X18|0.2|0.18|100
D75X20|0.21|0.19|100
D75X24|0.21|0.19|100
D75X28|0.22|0.2|100
D75X30|0.22|0.2|100
D75X32|0.22|0.2|100
D75X36|0.22|0.2|100
D75X40|0.23|0.21|100
D75X45|0.23|0.21|100
D75X50|0.24|0.22|100
D75X55|0.26|0.23|100
D75X60|0.27|0.24|100
D75X70|0.29|0.26|100
D76X12|0.2|0.18|100
D76X14|0.21|0.19|100
D76X16|0.21|0.19|100
D76X18|0.22|0.2|100
D76X20|0.22|0.2|100
D76X24|0.22|0.2|100
D76X26|0.22|0.2|100
D76X28|0.23|0.21|100
D76X30|0.23|0.21|100
D76X32|0.24|0.22|100
D76X36|0.24|0.22|100
D76X40|0.26|0.23|100
D76X45|0.26|0.23|100
D76X50|0.27|0.24|100
D76X55|0.28|0.25|100
D76X60|0.31|0.28|100
D76X70|0.4|0.36|100
D76X80|0.47|0.42|100
D78X14|0.23|0.21|100
D78X16|0.26|0.23|100
D78X18|0.26|0.23|100
D78X20|0.27|0.24|100
D78X24|0.28|0.25|100
D78X26|0.29|0.26|100
D78X28|0.29|0.26|100
D78X30|0.3|0.27|100
D78X32|0.31|0.28|100
D78X36|0.32|0.29|100
D78X40|0.33|0.3|100
D78X45|0.34|0.31|100
D78X50|0.36|0.32|100
D78X55|0.38|0.34|100
D78X60|0.39|0.35|100
D78X70|0.46|0.41|100
D78X80|0.51|0.46|100
D78X90|0.59|0.53|100
D78X100|0.67|0.6|100
D710X20|0.33|0.3|100
D710X24|0.36|0.32|100
D710X26|0.37|0.33|100
D710X28|0.38|0.34|100
D710X30|0.39|0.35|100
D710X32|0.39|0.35|100
D710X36|0.42|0.38|100
D710X40|0.43|0.39|100
D710X45|0.48|0.43|100
D710X50|0.52|0.47|100
D710X55|0.59|0.53|100
D710X60|0.62|0.56|100
D710X70|0.72|0.65|100
D710X80|0.82|0.74|100
D710X90|0.92|0.83|100
D710X100|0.92|0.83|100
D712X20|0.42|0.38|100
D712X24|0.46|0.41|100
D712X26|0.46|0.41|100
D712X28|0.48|0.43|100
D712X30|0.49|0.44|100
D712X32|0.5|0.45|100
D712X36|0.52|0.47|100
D712X40|0.56|0.5|100
D712X45|0.62|0.56|100
D712X50|0.68|0.61|100
D712X55|0.74|0.67|100
D712X60|0.82|0.74|100
D712X70|0.94|0.85|100
D712X80|1.07|0.96|100
D712X90|1.21|1.09|100
D712X100|1.48|1.33|100
D712X110|1.61|1.45|100
D712X120|1.78|1.6|100
D714X40|1.13|1.02|100
D714X45|1.18|1.06|100
D714X50|1.22|1.1|100
D714X60|1.32|1.19|100
D714X70|1.42|1.28|100
D714X80|1.52|1.37|100
D714X90|1.62|1.46|100
D714X100|1.72|1.55|100
D714X120|1.87|1.68|100
D716X40|0.87|0.78|100
D716X45|0.92|0.83|100
D716X50|0.99|0.89|100
D716X55|1.04|0.94|100
D716X60|1.12|1.01|100
D716X70|1.27|1.14|100
D716X80|1.44|1.3|100
D716X90|1.62|1.46|100
D716X100|1.8|1.62|100
D716X110|1.98|1.78|100
D716X120|2.16|1.94|100
D720X50|1.89|1.7|100
D720X60|2.08|1.87|100
D720X70|2.88|2.59|50
D720X80|3.2|2.88|50
D720X90|3.68|3.31|50
D720X100|4,00|3.6|50
D720X120|4.8|4.32|50
D79775X40|0.61|0.55|100
D79775X45|0.62|0.56|100
D79775X50|0.7|0.63|100
D79775X55|0.71|0.64|100
D79775X60|0.72|0.65|100
D79775X65|0.72|0.65|100
D79775X75|0.83|0.75|100
D79776X40|0.64|0.58|100
D79776X45|0.64|0.58|100
D79776X50|0.66|0.59|100
D79776X55|0.76|0.68|100
D79776X60|0.76|0.68|100
D79776X65|0.84|0.76|100
D79776X75|0.87|0.78|100
D79776X85|0.92|0.83|100
D79776X100|1.12|1.01|100
D79778X40|0.79|0.71|100
D79778X45|0.81|0.73|100
D79778X50|0.83|0.75|100
D79778X55|0.86|0.77|100
D79778X60|0.89|0.8|100
D79778X65|0.96|0.86|100
D79778X75|1.04|0.94|100
D79778X100|1.58|1.42|100
D79778X120|1.94|1.75|100
D797710X50|1.02|0.92|100
D797710X55|1.04|0.94|100
D797710X60|1.08|0.97|100
D797710X65|1.18|1.06|100
D797710X75|1.28|1.15|100
D797710X85|1.36|1.22|100
D797710X100|1.76|1.58|100
D797710X120|2.28|2.05|100
D797712X60|1.22|1.1|100
D797712X65|1.3|1.17|100
D797712X75|1.69|1.52|100
D797712X85|1.92|1.73|100
D797712X100|2.24|2.02|50
D797712X120|2.69|2.42|50
D797712X140|3.11|2.8|50
D797712X160|3.62|3.26|50
D797716X75|2.06|1.85|50
D797716X85|3.04|2.74|50
D797716X100|3.58|3.22|50
D797716X120|5.26|4.73|50
D797716X140|6.2|5.58|25
D797716X160|6.91|6.22|25
D797720X100|4.49|4.04|25
D797720X120|8.44|7.6|25
D797720X140|9.87|8.88|25
D797720X160|18.86|16.97|25
D79786X20|0.64|0.58|100
D79786X24|0.66|0.59|100
D79786X26|0.66|0.59|100
D79786X28|0.68|0.61|100
D79786X30|0.68|0.61|100
D79786X32|0.68|0.61|100
D79786X36|0.68|0.61|100
D79786X40|0.69|0.62|100
D79786X45|0.69|0.62|100
D79786X50|0.76|0.68|100
D79786X55|0.76|0.68|100
D79786X60|0.78|0.7|100
D79786X70|0.78|0.7|100
D79786X80|0.86|0.77|100
D79786X90|0.89|0.8|100
D79786X100|0.92|0.83|100
D79788X26|0.74|0.67|100
D79788X28|0.76|0.68|100
D79788X30|0.76|0.68|100
D79788X32|0.77|0.69|100
D79788X36|0.78|0.7|100
D79788X40|0.78|0.7|100
D79788X45|0.79|0.71|100
D79788X50|0.84|0.76|100
D79788X55|0.86|0.77|100
D79788X60|0.91|0.82|100
D79788X70|0.97|0.87|100
D79788X80|1.4|1.26|100
D79788X90|1.41|1.27|100
D79788X100|1.49|1.34|100
D79788X110|1.56|1.4|100
D79788X120|1.96|1.76|100
D797810X30|0.89|0.8|100
D797810X32|0.91|0.82|100
D797810X36|0.94|0.85|100
D797810X40|0.97|0.87|100
D797810X45|0.99|0.89|100
D797810X50|1.09|0.98|100
D797810X55|1.16|1.04|100
D797810X60|1.19|1.07|100
D797810X70|1.28|1.15|100
D797810X80|1.41|1.27|100
D797810X90|1.6|1.44|100
D797810X100|1.7|1.53|100
D797810X110|1.86|1.67|100
D797810X120|2.01|1.81|100
D797812X36|1.23|1.11|100
D797812X40|1.27|1.14|100
D797812X45|1.32|1.19|100
D797812X50|1.36|1.22|100
D797812X55|1.42|1.28|100
D797812X60|1.46|1.31|100
D797812X70|1.52|1.37|100
D797812X80|1.73|1.56|100
D797812X90|1.88|1.69|100
D797812X100|2.33|2.1|100
D797812X110|2.56|2.3|50
D797812X120|3.28|2.95|50
D797814X40|1.69|1.52|100
D797814X45|1.72|1.55|100
D797814X50|1.78|1.6|100
D797814X55|1.92|1.73|100
D797814X60|1.96|1.76|100
D797814X70|2.09|1.88|100
D797814X80|2.24|2.02|100
D797814X90|2.72|2.45|50
D797814X100|2.79|2.51|50
D797814X110|3.03|2.73|50
D797814X120|3.82|3.44|50
D797816X40|1.92|1.73|100
D797816X45|1.99|1.79|100
D797816X50|2.06|1.85|100
D797816X55|2.1|1.89|100
D797816X60|2.19|1.97|100
D797816X70|2.51|2.26|50
D797816X80|2.78|2.5|50
D797816X90|3.13|2.82|50
D797816X100|3.43|3.09|50
D797816X110|3.76|3.38|50
D797816X120|4.49|4.04|50
D797820X50|3.04|2.74|50
D797820X55|3.17|2.85|50
D797820X60|3.27|2.94|50
D797820X70|3.77|3.39|50
D797820X80|4.19|3.77|50
D797820X90|4.7|4.23|50
D797820X100|5.26|4.73|25
D797820X110|5.72|5.15|25
D797820X120|7.08|6.37|25
D79795X16|0.37|0.33|100
D79795X18|0.39|0.35|100
D79795X20|0.39|0.35|100
D79795X22|0.39|0.35|100
D79795X24|0.4|0.36|100
D79795X26|0.41|0.37|100
D79795X28|0.41|0.37|100
D79795X30|0.41|0.37|100
D79795X32|0.42|0.38|100
D79795X36|0.44|0.4|100
D79795X40|0.44|0.4|100
D79795X45|0.46|0.41|100
D79795X50|0.48|0.43|100
D79796X16|0.42|0.38|100
D79796X18|0.42|0.38|100
D79796X20|0.42|0.38|100
D79796X22|0.44|0.4|100
D79796X24|0.46|0.41|100
D79796X26|0.46|0.41|100
D79796X28|0.46|0.41|100
D79796X30|0.46|0.41|100
D79796X32|0.46|0.41|100
D79796X36|0.49|0.44|100
D79796X40|0.5|0.45|100
D79796X45|0.52|0.47|100
D79796X50|0.56|0.5|100
D79796X55|0.59|0.53|100
D79796X60|0.59|0.53|100
D79796X65|0.62|0.56|100
D79796X70|0.64|0.58|100
D79796X75|0.72|0.65|100
D79796X80|0.78|0.7|100
D79796X90|0.84|0.76|100
D79796X100|1.02|0.92|100
D79798X16|0.52|0.47|100
D79798X18|0.52|0.47|100
D79798X20|0.51|0.46|100
D79798X22|0.54|0.49|100
D79798X24|0.56|0.5|100
D79798X26|0.56|0.5|100
D79798X28|0.56|0.5|100
D79798X30|0.56|0.5|100
D79798X32|0.56|0.5|100
D79798X36|0.56|0.5|100
D79798X40|0.56|0.5|100
D79798X45|0.62|0.56|100
D79798X50|0.7|0.63|100
D79798X55|0.71|0.64|100
D79798X60|0.76|0.68|100
D79798X65|0.79|0.71|100
D79798X70|0.83|0.75|100
D79798X75|0.87|0.78|100
D79798X80|0.96|0.86|100
D79798X90|1.16|1.04|100
D79798X100|1.39|1.25|100
D797910X20|0.66|0.59|100
D797910X24|0.67|0.6|100
D797910X26|0.69|0.62|100
D797910X28|0.71|0.64|100
D797910X30|0.73|0.66|100
D797910X32|0.74|0.67|100
D797910X36|0.74|0.67|100
D797910X40|0.78|0.7|100
D797910X45|0.8|0.72|100
D797910X50|0.88|0.79|100
D797910X55|0.94|0.85|100
D797910X60|1.02|0.92|100
D797910X65|1.11|1,00|100
D797910X70|1.21|1.09|100
D797910X75|1.3|1.17|100
D797910X80|1.36|1.22|100
D797910X90|1.51|1.36|100
D797910X100|1.68|1.51|100
D797912X28|0.89|0.8|100
D797912X30|0.9|0.81|100
D797912X32|0.94|0.85|100
D797912X36|0.99|0.89|100
D797912X40|1.01|0.91|100
D797912X45|1.12|1.01|100
D797912X50|1.24|1.12|100
D797912X55|1.39|1.25|100
D797912X60|1.47|1.32|100
D797912X65|1.59|1.43|100
D797912X70|1.72|1.55|100
D797912X75|1.82|1.64|100
D797912X80|1.93|1.74|100
D797912X90|2.19|1.97|100
D797912X100|2.42|2.18|100
D797912X110|2.64|2.38|100
D797912X120|2.89|2.6|100
D797914X40|1.3|1.17|100
D797914X45|1.46|1.31|100
D797914X50|1.59|1.43|100
D797914X55|1.76|1.58|100
D797914X60|1.92|1.73|100
D797914X65|2.04|1.84|100
D797914X70|2.2|1.98|100
D797914X75|2.37|2.13|100
D797914X80|2.5|2.25|100
D797914X90|2.81|2.53|100
D797914X100|3.1|2.79|100
D797914X110|3.58|3.22|100
D797914X120|3.73|3.36|50
D797916X40|1.6|1.44|100
D797916X45|1.76|1.58|100
D797916X50|1.89|1.7|100
D797916X55|2.01|1.81|100
D797916X60|2.19|1.97|100
D797916X65|2.36|2.12|100
D797916X70|2.57|2.31|100
D797916X75|2.74|2.47|100
D797916X80|2.92|2.63|50
D797916X90|3.24|2.92|50
D797916X100|3.58|3.22|50
D797916X110|3.92|3.53|50
D797916X120|4.29|3.86|50
D797920X45|2.59|2.33|50
D797920X50|2.74|2.47|50
D797920X55|2.92|2.63|50
D797920X60|3.07|2.76|50
D797920X65|3.3|2.97|50
D797920X70|3.46|3.11|50
D797920X75|3.62|3.26|50
D797920X80|4.11|3.7|50
D797920X90|4.31|3.88|50
D797920X100|4.76|4.28|50
D797920X110|5.19|4.67|50
D797920X120|5.67|5.1|25
D7979C5X16|0.44|0.4|100
D7979C5X18|0.47|0.42|100
D7979C5X20|0.47|0.42|100
D7979C5X22|0.47|0.42|100
D7979C5X24|0.48|0.43|100
D7979C5X26|0.5|0.45|100
D7979C5X28|0.5|0.45|100
D7979C5X30|0.5|0.45|100
D7979C5X32|0.51|0.46|100
D7979C5X36|0.53|0.48|100
D7979C5X40|0.53|0.48|100
D7979C5X45|0.53|0.48|100
D7979C5X50|0.56|0.5|100
D7979C6X16|0.48|0.43|100
D7979C6X18|0.48|0.43|100
D7979C6X20|0.48|0.43|100
D7979C6X22|0.5|0.45|100
D7979C6X24|0.51|0.46|100
D7979C6X26|0.51|0.46|100
D7979C6X28|0.51|0.46|100
D7979C6X30|0.51|0.46|100
D7979C6X32|0.53|0.48|100
D7979C6X36|0.54|0.49|100
D7979C6X40|0.57|0.51|100
D7979C6X45|0.58|0.52|100
D7979C6X50|0.61|0.55|100
D7979C6X55|0.64|0.58|100
D7979C6X60|0.64|0.58|100
D7979C6X65|0.68|0.61|100
D7979C6X70|0.71|0.64|100
D7979C6X75|0.79|0.71|100
D7979C6X80|0.84|0.76|100
D7979C6X90|0.91|0.82|100
D7979C6X100|1.1|0.99|100
D7979C8X16|0.58|0.52|100
D7979C8X18|0.58|0.52|100
D7979C8X20|0.59|0.53|100
D7979C8X22|0.6|0.54|100
D7979C8X24|0.61|0.55|100
D7979C8X26|0.61|0.55|100
D7979C8X28|0.61|0.55|100
D7979C8X30|0.61|0.55|100
D7979C8X32|0.61|0.55|100
D7979C8X36|0.61|0.55|100
D7979C8X40|0.61|0.55|100
D7979C8X45|0.68|0.61|100
D7979C8X50|0.79|0.71|100
D7979C8X55|0.79|0.71|100
D7979C8X60|0.83|0.75|100
D7979C8X65|0.87|0.78|100
D7979C8X70|0.93|0.84|100
D7979C8X75|0.97|0.87|100
D7979C8X80|1.06|0.95|100
D7979C8X90|1.28|1.15|100
D7979C8X100|1.46|1.31|100
D7979C10X24|0.72|0.65|100
D7979C10X26|0.74|0.67|100
D7979C10X28|0.77|0.69|100
D7979C10X30|0.8|0.72|100
D7979C10X32|0.8|0.72|100
D7979C10X36|0.8|0.72|100
D7979C10X40|0.84|0.76|100
D7979C10X45|0.86|0.77|100
D7979C10X50|0.96|0.86|100
D7979C10X55|1.02|0.92|100
D7979C10X60|1.12|1.01|100
D7979C10X65|1.19|1.07|100
D7979C10X70|1.32|1.19|100
D7979C10X75|1.41|1.27|100
D7979C10X80|1.47|1.32|100
D7979C10X90|1.62|1.46|100
D7979C10X100|1.81|1.63|100
D7979C12X28|0.94|0.85|100
D7979C12X30|0.96|0.86|100
D7979C12X32|1,00|0.9|100
D7979C12X36|1.07|0.96|100
D7979C12X40|1.09|0.98|100
D7979C12X45|1.2|1.08|100
D7979C12X50|1.33|1.2|100
D7979C12X55|1.48|1.33|100
D7979C12X60|1.56|1.4|100
D7979C12X65|1.69|1.52|100
D7979C12X70|1.82|1.64|100
D7979C12X75|1.92|1.73|100
D7979C12X80|2.1|1.89|100
D7979C12X90|2.34|2.11|100
D7979C12X100|2.59|2.33|100
D7979C12X110|2.87|2.58|100
D7979C12X120|3.1|2.79|100
D7979C14X40|1.38|1.24|100
D7979C14X45|1.53|1.38|100
D7979C14X50|1.66|1.49|100
D7979C14X55|1.84|1.66|100
D7979C14X60|1.88|1.69|100
D7979C14X65|2.13|1.92|100
D7979C14X70|2.29|2.06|100
D7979C14X75|2.47|2.22|100
D7979C14X80|2.6|2.34|100
D7979C14X90|2.91|2.62|100
D7979C14X100|3.27|2.94|100
D7979C14X110|3.81|3.43|50
D7979C14X120|3.96|3.56|50
D7979C16X40|1.72|1.55|100
D7979C16X45|1.87|1.68|100
D7979C16X50|2.06|1.85|100
D7979C16X55|2.17|1.95|100
D7979C16X60|2.37|2.13|100
D7979C16X65|2.53|2.28|100
D7979C16X70|2.74|2.47|100
D7979C16X75|2.93|2.64|50
D7979C16X80|3.17|2.85|50
D7979C16X90|3.49|3.14|50
D7979C16X100|3.83|3.45|50
D7979C16X110|4.18|3.76|50
D7979C16X120|4.53|4.08|50
D7979C20X45|2.76|2.48|50
D7979C20X50|2.9|2.61|50
D7979C20X55|3.08|2.77|50
D7979C20X60|3.22|2.9|50
D7979C20X65|3.46|3.11|50
D7979C20X70|3.62|3.26|50
D7979C20X75|4.01|3.61|50
D7979C20X80|4.5|4.05|50
D7979C20X90|4.58|4.12|50
D7979C20X100|5.09|4.58|50
D7979C20X110|5.59|5.03|25
D7979C20X120|5.38|4.84|25
PA-1028|0.39|0.35|100
PA-1027|0.39|0.35|100
PA-1026|0.37|0.33|100
PA-1025|0.37|0.33|100
PA-1024|0.37|0.33|100
PA-1030|0.41|0.37|100
PA-1031|0.42|0.38|100
PA-1032|0.44|0.4|100
PA-1033|0.47|0.42|100
PA-1034|0.53|0.48|100
PA-1035|0.59|0.53|100
PA-1036|1.06|0.95|100
PA-1037|1.56|1.4|100
PA-1038|3.03|2.73|50
PA-1039|4.68|4.21|50
PA-1040|5.86|5.27|25