C-202|0|72.20|0|65.64
C-203|0|84.15|0|76.50
C-204|0|136.33|0|123.93
C-205|0|180.84|0|164.40
CS-252|0|111.09|0|100.99
CS-253|0|138.64|0|126.03
CS-254|0|206.56|0|187.78
CS-255|0|429.44|0|390.40
CS-256|0|708.49|0|644.08
AC-312|0|119.23|0|108.39
AC-313|0|149.66|0|136.05
AC-314|0|218.91|0|199.01
AC-315|0|461.67|0|419.70
CE-302|0|166.94|0|151.76
CE-303|0|151.00|0|137.27
CE-304|0|210.68|0|191.53
CE-305|0|428.70|0|389.73
CE-306|0|794.20|0|722.00
CT-322-A|0|248.79|0|226.17
CT-322-B|0|293.62|0|266.93
CT-323-A|0|301.12|0|273.74
CT-323-B|0|311.82|0|283.48
CT-323-D|0|482.66|0|438.78
CT-323-C|0|495.00|0|450.00
CT-324-A|0|316.12|0|287.39
CT-324-B|0|353.14|0|321.04
CT-324-E|0|497.66|0|452.42
CT-324-C|0|488.91|0|444.47
CT-324-D|0|1266.01|0|1150.92
CT-325-D|0|549.64|0|499.67
CT-325-A|0|532.50|0|484.09
CT-325-B|0|1345.32|0|1223.02
CT-325-C|0|2648.77|0|2407.98
CT-326-A|0|1466.36|0|1333.06
CT-326-B|0|2728.84|0|2480.76
AF-352|0|343.60|0|312.36
AF-353-A|0|344.55|0|313.22
AF-353-B|0|420.10|0|381.91
AF-354-A|0|344.21|0|312.91
AF-354-B|0|391.70|0|356.09
AF-354-C|0|677.02|0|615.48
AF-355-A|0|409.54|0|372.31
AF-355-B|0|658.90|0|599.00
PS-403|0|22.41|0|20.37
PS-404|0|36.65|0|33.32
PW-402|0|41.59|0|37.81
PW-403|0|59.58|0|54.16
PW-404|0|92.36|0|83.96
PW-405|0|227.27|0|206.61
HE-553|0|13.37|0|12.15
HE-554-A|0|14.30|0|13.00
HE-555|0|15.48|0|14.08
HE-556|0|10.40|0|9.45
HE-557|0|9.85|0|8.95
HE-558|0|17.42|0|15.84
HE-559|0|24.37|0|22.16
HE-560|0|17.59|0|15.99
HE-561|0|14.22|0|12.93
HE-562|0|14.74|0|13.40
HE-563|0|15.65|0|14.23
HE-564|0|17.08|0|15.53
HE-564-A|0|39.30|0|35.73
HE-564-B|0|28.44|0|25.85
HE-565|0|26.68|0|24.26
HE-566|0|27.88|0|25.35
HE-567|0|31.34|0|28.49
HE-567-A|0|58.21|0|52.92
HE-568|0|57.89|0|52.62
HE-569|0|61.31|0|55.73
HE-570|0|72.29|0|65.71
HE-571|0|248.46|0|225.87
HE-572|0|251.40|0|228.55
HE-573|0|254.56|0|231.42
HJ-508|0|12.06|0|10.97
HJ-509|0|13.61|0|12.38
HJ-510|0|12.36|0|11.24
HJ-512|0|15.83|0|14.39
HJ-513|0|15.81|0|14.37
HJ-515|0|30.26|0|27.51
HJ-516|0|16.17|0|14.70
HJ-517-A|0|30.21|0|27.46
HJ-518|0|30.07|0|27.33
HJ-519|0|36.05|0|32.78
HJ-520|0|39.50|0|35.91
HJ-521|0|28.99|0|26.36
HJ-522|0|56.34|0|51.22
HJ-524|0|70.44|0|64.04
BP-434|0|91.21|0|82.92
BP-435|0|115.50|0|105.00
BP-437|0|98.09|0|89.18
BP-438|0|115.65|0|105.13
BP-439|0|155.51|0|141.38
BP-441|0|127.85|0|116.23
BP-442|0|128.32|0|116.66
BP-443|0|182.55|0|165.95
BP-444|0|316.70|0|287.91
BP-447|0|202.28|0|183.89
BP-448|0|202.04|0|183.67
BP-449|0|349.85|0|318.05
BR-431|0|16.53|0|15.03
BR-432|0|20.18|0|18.34
BR-433|0|26.60|0|24.18
BR-434|0|27.09|0|24.63
BR-435|0|31.35|0|28.50
BR-437|0|69.16|0|62.87
BR-438|0|70.92|0|64.47
BR-439|0|90.15|0|81.95
BR-441|0|210.59|0|191.45
BR-442|0|248.43|0|225.85
BR-443|0|281.38|0|255.80
BR-444|0|282.29|0|256.63
SB-651|0|6.22|0|5.65
SB-652|0|12.05|0|10.96
SB-653|0|19.18|0|17.44
SB-654|0|33.63|0|30.57
CJ-612|0|2.32|0|2.01
CJ-613|0|3.11|0|2.71
CJ-614|0|3.94|0|3.42
CJ-615|0|9.37|0|8.15
CJ-616|0|15.00|0|13.04
CJ-619|0|4.36|0|3.79
CR-641|0|1.50|0|1.30
CR-643|0|1.97|0|1.71
CR-643S|0|2.41|0|2.10
CR-644|0|3.39|0|2.94
CR-645|0|5.71|0|4.96
CG-1112|0|8.51|0|7.40
CG-1113|0|9.15|0|7.96
CG-1114|0|11.88|0|10.33
CG-1115|0|12.72|0|11.06
CG-1116|0|17.30|0|15.05
CG-1117|0|17.31|0|15.05
CG-1118|0|24.40|0|21.21
CG-1119|0|24.50|0|21.30
CG-1120|0|37.11|0|32.27
CG-1121|0|37.11|0|32.27
CG-1122|0|63.79|0|55.47
CG-1123|0|57.64|0|50.13
CG-1126|0|181.57|0|157.88
CP-1153|0|14.01|0|12.18
CP-1154|0|14.17|0|12.32
CP-1155|0|15.07|0|13.10
CP-1156|0|15.39|0|13.38
CP-1157|0|20.38|0|17.72
CP-1158|0|22.05|0|19.17
CP-1159|0|27.95|0|24.30
CP-1160|0|27.98|0|24.33
CP-1161|0|37.89|0|32.95
CP-1162|0|38.82|0|33.76
CP-1163|0|62.12|0|54.02
CP-1164|0|63.15|0|54.91
CP-1167|0|170.67|0|148.41
PR-902|0|52.49|0|45.64
PR-905|0|77.18|0|67.11
PR-906|0|77.18|0|67.11
PR-911|0|154.42|0|134.28
PR-912|0|154.42|0|134.28
RD-935|0|16.75|0|14.56
RD-936|0|16.75|0|14.56
RE-945|0|16.75|0|14.56
RE-946|0|16.75|0|14.56
RE-946-A|0|16.75|0|14.56
RR-924|0|16.75|0|14.56
RR-925|0|16.75|0|14.56
RR-925-A|0|16.75|0|14.56
RR-926|0|16.75|0|14.56
RR-926-A|0|16.75|0|14.56
RC-955-A|0|25.09|0|21.81
RR-924-C|0|33.38|0|29.03
MO-991|0|814.13|0|740.12
MO-992|0|953.57|0|866.88
MO-993|0|986.03|0|896.39
MO-994|0|1136.37|0|1033.06
MO-984|0|1398.96|0|1271.78
MO-985|0|1560.50|0|1418.64
MP-950|0|92.58|0|84.16
MP-952|0|164.94|0|149.94
MCC-1202|0|1228.34|0|1116.67
MCC-1203|0|1899.95|0|1727.23
MCC-1204|0|1951.51|0|1774.10
H-391|0|6.55|0|5.69
H-391S|0|6.72|0|5.84
H-392|0|14.61|0|12.71
H-392S|0|14.59|0|12.69
H-394|0|6.13|0|5.33
H-394S|0|6.31|0|5.48
H-396|0|14.59|0|12.69
H-396S|0|14.58|0|12.68
H-400|0|6.17|0|5.61
H-482|0|88.58|0|80.53
H-483|0|218.12|0|198.29
H-440|0|8.98|0|8.16
H-441|0|10.37|0|9.43
H-442|0|10.38|0|9.44
H-443|0|12.68|0|11.53
H-444|0|17.16|0|15.60
H-445|0|21.19|0|19.26
H-446|0|26.84|0|24.40
H-411|0|11.52|0|10.02
H-411S|0|12.19|0|10.60
H-412|0|12.75|0|11.09
H-412S|0|13.46|0|11.70
H-413|0|19.72|0|17.15
H-413S|0|20.47|0|17.80
H-414|0|24.24|0|21.81
H-415|0|49.50|0|45.00
H-416|0|93.50|0|85.00
H-411A|0|15.36|0|13.96
H-412A|0|16.59|0|15.08
H-412AS|0|17.11|0|15.55
H-413A|0|26.38|0|23.98
H-413AS|0|27.06|0|24.60
H-414A|0|34.10|0|31.00
H-501|0|9.83|0|8.94
H-501S|0|10.56|0|9.60
H-502|0|9.32|0|8.47
H-502S|0|10.01|0|9.10
H-503|0|14.48|0|13.16
H-503S|0|15.18|0|13.80
H-504|0|14.32|0|13.02
H-504S|0|14.96|0|13.60
HL-501|0|13.39|0|12.17
HL-502|0|13.39|0|12.17
HL-503|0|18.49|0|16.81
HL-504|0|18.70|0|17.00
BRST-431|0|10.91|0|9.91
BRST-432|0|14.88|0|13.53
BRST-434|0|21.91|0|19.92
BRST-435|0|23.30|0|21.18
BRST-437|0|61.50|0|55.91
BRST-438|0|62.84|0|57.13
H-012|0|48.02|0|43.65
H-013|0|56.47|0|51.34
H-014|0|96.71|0|87.92
H-134|0|93.43|0|84.94
H-113|0|90.82|0|82.56
H-114|0|142.68|0|129.71
H-115|0|274.38|0|249.44
HT-323-B|0|161.54|0|146.85
HT-323-D|0|220.70|0|200.64
HT-324-B|0|176.72|0|160.65
HT-324-E|0|231.00|0|210.00
HT-324-C|0|242.00|0|220.00
HT-324-D|0|844.71|0|767.92
HEST-556|0|8.80|0|8.00
HEST-557|0|8.58|0|7.80
HEST-561|0|10.86|0|9.87
HEST-562|0|11.28|0|10.25
HEST-563|0|11.76|0|10.69
HEST-564|0|13.36|0|12.15
HEST-564-B|0|22.10|0|20.09
HEST-565|0|19.18|0|17.43
HEST-566|0|20.01|0|18.20
HEST-567|0|22.32|0|20.29
HJST-513|0|13.16|0|11.97
HJST-518|0|22.35|0|20.32
SU-402|0|6.45|0|5.86
SU-407|0|9.34|0|8.49
SU-409|0|13.37|0|12.15
SU-413|0|13.62|0|12.38
SU-415|0|20.41|0|18.55
SU-417|0|15.93|0|14.48
SU-419|0|20.39|0|18.54
SU-420|0|26.65|0|24.23
SU-421|0|30.47|0|27.70
SU-422|0|41.97|0|38.15
SU-423|0|23.49|0|21.35
SU-427|0|24.77|0|22.52
SU-428|0|33.53|0|30.48
SU-429|0|36.92|0|33.56
SU-430|0|54.14|0|49.22
SU-431|0|43.65|0|39.68
SU-432|0|50.37|0|45.79
SU-433|0|58.30|0|53.00
SU-435|0|71.35|0|64.86
SU-436|0|82.91|0|75.37
SU-439|0|146.95|0|133.59
SU-441|0|144.01|0|130.92
SU-443|0|188.79|0|171.63
SU-602A|0|2.99|0|2.72
SU-603|0|2.04|0|1.85
SU-604|0|2.76|0|2.51
SU-605|0|4.66|0|4.24
SU-606|0|6.18|0|5.62
SU-608|0|9.91|0|9.01
SU-609|0|13.55|0|12.32
SU-610|0|11.34|0|10.31
SU-613|0|20.25|0|18.41
SU-615|0|34.78|0|31.62
SU-616|0|49.38|0|44.89
SU-617|0|35.73|0|32.48
SU-618|0|55.92|0|50.84
SU-621|0|59.47|0|54.06
SU-623|0|71.67|0|65.15
SU-625|0|94.28|0|85.71
SU-704|0|7.85|0|7.14
SU-708|0|12.99|0|11.81
SU-712|0|23.77|0|21.61
SU-714|0|37.61|0|34.19
UL-003|0|2.05|0|1.86
UL-008|0|3.49|0|3.17
UL-010|0|5.94|0|5.40
UL-014|0|4.33|0|3.94
UL-016|0|8.18|0|7.44
UL-018|0|4.87|0|4.43
UL-020|0|5.73|0|5.21
UL-022|0|8.66|0|7.87
UL-023|0|15.42|0|14.02
UL-028|0|9.21|0|8.37
UL-029|0|12.91|0|11.74
UL-030|0|13.64|0|12.40
UL-031|0|22.59|0|20.54
UL-032|0|18.65|0|16.95
UL-034|0|25.32|0|23.02
UL-037|0|32.85|0|29.86
UL-204|0|2.56|0|2.33
UL-206|0|3.70|0|3.36
UL-208|0|5.25|0|4.77
UL-210|0|8.44|0|7.67
UL-213|0|13.50|0|12.27
SU-500|0|12.17|0|11.06
SU-502|0|12.34|0|11.22
SU-504|0|15.59|0|14.17
SU-507|0|16.04|0|14.58
SU-508|0|18.76|0|17.05
SU-515|0|18.52|0|16.84
SU-516|0|22.44|0|20.40
SU-520|0|25.78|0|23.44
SU-522|0|24.50|0|22.27
SU-524|0|29.93|0|27.21
SU-525|0|24.95|0|22.68
SU-527|0|30.27|0|27.52
UL-104|0|7.48|0|6.80
UL-107|0|7.35|0|6.68
UL-108|0|8.22|0|7.47
UL-115|0|8.86|0|8.05
UL-116|0|9.47|0|8.61
UL-120|0|17.03|0|15.48
UL-122|0|12.98|0|11.80
UL-125|0|14.14|0|12.85
UL-127|0|22.61|0|20.55
CM-501|0|15.99|0|14.53
CM-502|0|16.36|0|14.87
CM-503|0|16.30|0|14.82
CM-504|0|16.03|0|14.57
CM-505|0|17.14|0|15.58
CM-506|0|17.13|0|15.57
CM-509|0|24.44|0|22.22
CM-510|0|24.90|0|22.64
CM-511|0|25.74|0|23.40
CM-512|0|28.66|0|26.06
CM-513|0|24.46|0|22.24
CM-514|0|28.60|0|26.00
CM-515|0|27.92|0|25.38
CM-516|0|27.76|0|25.24
CM-517|0|37.94|0|34.49
CM-518|0|42.12|0|38.30
CM-519|0|42.24|0|38.40
CM-521|0|44.71|0|40.64
CM-522|0|44.57|0|40.52
CM-523|0|47.76|0|43.41
CM-524|0|48.18|0|43.80
CM-539|0|26.33|0|23.94
CM-540|0|27.85|0|25.32
CM-543|0|41.04|0|37.31
CM-544|0|41.04|0|37.31
CM-545|0|43.94|0|39.94
CM-546|0|44.42|0|40.39
CM-550|0|17.45|0|15.86
CM-551|0|17.45|0|15.86
CM-552|0|17.66|0|16.06
CM-553|0|18.17|0|16.52
CM-557|0|24.12|0|21.93
CM-558|0|24.22|0|22.02
CM-559|0|25.31|0|23.01
CM-560|0|28.42|0|25.83
CM-561|0|26.86|0|24.42
CM-563|0|27.43|0|24.94
CM-566|0|37.83|0|34.39
CM-568|0|41.80|0|38.00
CM-570|0|44.37|0|40.33
CM-571|0|41.95|0|38.14
CM-572|0|46.29|0|42.09
CM-573|0|45.22|0|41.11
CM-586|0|24.72|0|22.47
CM-588|0|26.76|0|24.33
CM-590|0|26.97|0|24.51
CM-577|0|13.80|0|12.55
CM-579|0|17.44|0|15.85
CM-580|0|18.16|0|16.51
CM-581|0|18.71|0|17.01
CM-584|0|24.82|0|22.57
CM-585|0|25.29|0|22.99
CM-599|0|41.31|0|37.55
CM-600|0|41.55|0|37.77
CM-601|0|41.99|0|38.17
CM-602|0|16.88|0|15.35
CM-603|0|16.68|0|15.16
CM-604|0|15.69|0|14.27
CM-606|0|15.78|0|14.35
CM-607|0|19.53|0|17.76
CM-608|0|17.47|0|15.88
CM-609|0|18.07|0|16.43
CM-610|0|18.72|0|17.02
CM-611|0|25.87|0|23.51
CM-613|0|27.19|0|24.72
CM-614|0|28.61|0|26.01
CM-615|0|26.05|0|23.68
CM-616|0|41.97|0|38.15
CM-617|0|44.47|0|40.43
CM-618|0|44.50|0|40.46
CM-619|0|44.28|0|40.25
CM-620|0|45.48|0|41.34
CM-621|0|29.89|0|27.17
CM-623|0|27.07|0|24.61
CM-626|0|18.65|0|16.95
CM-628|0|25.21|0|22.92
CM-630|0|25.18|0|22.89
CM-632|0|28.38|0|25.80
CM-633|0|26.76|0|24.33
CM-634|0|26.77|0|24.34
CM-635|0|28.53|0|25.94
CM-637|0|48.92|0|44.48
CM-638|0|48.98|0|44.53
CM-639|0|48.64|0|44.22
CM-640|0|48.54|0|44.13
CM-641|0|26.77|0|24.34
CM-609|0|18.07|0|16.43
CM-611|0|25.87|0|23.51
CM-613|0|27.19|0|24.72
CM-614|0|28.61|0|26.01
CM-615|0|26.05|0|23.68
CM-616|0|41.97|0|38.15
CM-618|0|44.50|0|40.46
AM-509|0|84.60|0|76.91
AB-237|0|6.33|0|5.76
AB-261|0|6.33|0|5.76
AB-213|0|6.33|0|5.76
AB-207|0|6.33|0|5.76
AB-225|0|6.33|0|5.76
AB-219|0|6.33|0|5.76
AB-231|0|6.33|0|5.76
AB-201|0|6.33|0|5.76
AB-268|0|6.33|0|5.76
AB-214|0|6.33|0|5.76
AB-208|0|6.33|0|5.76
AB-226|0|6.33|0|5.76
AB-220|0|6.33|0|5.76
AB-232|0|6.33|0|5.76
AB-202|0|6.33|0|5.76
AB-237D|0|10.59|0|9.63
AB-213D|0|10.59|0|9.63
AB-207D|0|10.59|0|9.63
AB-225D|0|10.59|0|9.63
AB-219D|0|10.59|0|9.63
AB-231D|0|10.59|0|9.63
AB-201D|0|10.59|0|9.63
AM-240|0|6.33|0|5.76
AM-216|0|6.33|0|5.76
AM-210|0|6.33|0|5.76
AM-228|0|6.33|0|5.76
AM-222|0|6.33|0|5.76
AM-234|0|6.33|0|5.76
AM-204|0|6.33|0|5.76
AM-241|0|6.33|0|5.76
AM-217|0|6.33|0|5.76
AM-211|0|6.33|0|5.76
AM-229|0|6.33|0|5.76
AM-223|0|6.33|0|5.76
AM-235|0|6.33|0|5.76
AM-205|0|6.33|0|5.76
AB-500|0|76.32|0|69.39
AB-502|0|76.32|0|69.39
AM-501|0|76.32|0|69.39
AM-503|0|76.32|0|69.39
AM-507|0|32.34|0|29.40
AB-500D5|0|53.20|0|48.37
AB-500D|0|95.17|0|86.52
LE-301|0|1.88|0|1.71
LE-301G|0|2.71|0|2.46
LE-301GS|0|3.10|0|2.82
LE-301S|0|2.13|0|1.93
LE-301SC|0|2.81|0|2.55
LA-304|0|1.71|0|1.55
LA-304S|0|1.92|0|1.75
LA-305|0|4.23|0|3.84
LA-306|0|5.44|0|4.95
LA-306S|0|5.65|0|5.14
LA-345|0|3.61|0|3.28
LA-404|0|5.67|0|5.15
LA-710|0|1.81|0|1.64
LA-711|0|1.81|0|1.64
LA-712|0|1.81|0|1.64
LB-204|0|5.74|0|5.22
LB-206|0|6.83|0|6.21
LB-206S|0|7.03|0|6.39
LB-208|0|8.96|0|8.14
LB-208S|0|9.15|0|8.31
LB-210|0|12.54|0|11.40
LB-212|0|16.45|0|14.95
LB-304|0|3.14|0|2.85
LB-306|0|3.64|0|3.31
LB-306S|0|3.85|0|3.50
LB-308|0|4.88|0|4.44
LB-308S|0|5.07|0|4.61
LB-310|0|6.05|0|5.50
LB-310S|0|6.26|0|5.69
LB-312|0|7.69|0|6.99
LB-312S|0|7.98|0|7.26
LB-314|0|13.19|0|11.99
LB-404|0|3.61|0|3.28
LB-404S|0|3.82|0|3.47
LB-404SC|0|4.50|0|4.09
LB-406|0|4.14|0|3.76
LB-406S|0|4.38|0|3.98
LB-406SC|0|5.03|0|4.58
LB-408|0|5.35|0|4.86
LB-408S|0|5.54|0|5.04
LB-408SC|0|6.43|0|5.84
LB-410|0|6.59|0|5.99
LB-410S|0|6.77|0|6.15
LB-410SC|0|7.81|0|7.10
LB-412|0|8.24|0|7.49
LB-412S|0|8.27|0|7.52
LB-414|0|20.08|0|18.25
LB-416|0|22.49|0|20.45
LB-504|0|5.84|0|5.31
LB-504S|0|6.05|0|5.50
LB-506|0|6.77|0|6.15
LB-506S|0|6.97|0|6.34
LB-506SC|0|7.69|0|6.99
LB-508|0|7.89|0|7.18
LB-508S|0|8.08|0|7.35
LB-508SC|0|8.83|0|8.03
LB-510|0|10.74|0|9.76
LB-510S|0|10.95|0|9.96
LB-510SC|0|11.99|0|10.90
LB-512|0|15.51|0|14.10
LB-512S|0|15.80|0|14.36
LB-514|0|22.55|0|20.50
LB-516|0|26.30|0|23.91
LB-604|0|3.77|0|3.43
LB-604S|0|3.98|0|3.62
LB-606|0|4.53|0|4.12
LB-606S|0|4.74|0|4.31
LB-606SC|0|5.46|0|4.97
LB-608|0|5.88|0|5.35
LB-608S|0|6.08|0|5.53
LB-608SC|0|6.83|0|6.21
LB-610|0|7.91|0|7.19
LB-610S|0|8.12|0|7.38
LB-610SC|0|9.17|0|8.34
LB-612|0|10.12|0|9.20
LB-612S|0|10.41|0|9.46
LB-614|0|13.00|0|11.82
LB-714|0|5.30|0|4.82
LB-714S|0|5.50|0|5.00
LB-716|0|6.05|0|5.50
LB-716S|0|6.25|0|5.68
LB-718|0|7.29|0|6.62
LB-718S|0|7.49|0|6.81
LB-720|0|9.18|0|8.35
LB-720S|0|9.40|0|8.54
LB-722|0|11.93|0|10.84
LB-722S|0|12.22|0|11.11
LB-724|0|16.28|0|14.80
LB-814|0|4.06|0|3.69
LB-814S|0|4.28|0|3.89
LB-816|0|7.43|0|6.75
LB-816S|0|7.64|0|6.95
LB-818|0|9.13|0|8.30
LB-818S|0|9.34|0|8.49
LB-820|0|12.54|0|11.40
LB-820S|0|12.74|0|11.58
LB-822|0|16.09|0|14.63
LB-822S|0|16.38|0|14.89
LB-906|0|6.15|0|5.59
LB-908|0|8.12|0|7.38
LM-414|0|3.76|0|3.42
LM-414S|0|3.97|0|3.61
LM-416|0|4.24|0|3.85
LM-416S|0|4.44|0|4.04
LM-416SC|0|5.15|0|4.68
LM-418|0|6.36|0|5.78
LM-418S|0|6.57|0|5.97
LM-418SC|0|7.30|0|6.64
LM-420|0|7.92|0|7.20
LM-420S|0|8.10|0|7.36
LM-420SC|0|9.13|0|8.30
LM-422|0|9.54|0|8.67
LM-422S|0|9.83|0|8.94
LM-424|0|15.07|0|13.70
LM-436|0|3.76|0|3.42
LM-436S|0|3.97|0|3.61
LM-438|0|5.86|0|5.32
LM-438S|0|6.05|0|5.50
LM-440|0|7.29|0|6.62
LM-440S|0|7.51|0|6.83
LM-442|0|8.96|0|8.14
LM-442S|0|9.25|0|8.41
LM-514|0|5.98|0|5.44
LM-514S|0|6.20|0|5.64
LM-516|0|7.10|0|6.45
LM-516S|0|7.30|0|6.64
LM-516SC|0|8.02|0|7.29
LM-518|0|9.35|0|8.50
LM-518S|0|9.54|0|8.67
LM-518SC|0|10.28|0|9.35
LM-520|0|11.90|0|10.82
LM-520S|0|12.11|0|11.01
LM-520C|0|12.85|0|11.68
LM-522|0|16.23|0|14.75
LM-522S|0|16.53|0|15.03
LM-524|0|23.92|0|21.75
LM-614|0|4.23|0|3.84
LM-614S|0|4.44|0|4.04
LM-616|0|5.07|0|4.61
LM-616S|0|5.30|0|4.82
LM-618|0|6.35|0|5.77
LM-618S|0|6.57|0|5.97
LM-618SC|0|7.30|0|6.64
LM-620|0|8.94|0|8.13
LM-620S|0|9.16|0|8.33
LM-622|0|11.59|0|10.53
LM-622S|0|11.88|0|10.80
LM-624|0|14.66|0|13.33
LM-704|0|5.30|0|4.82
LM-704S|0|5.50|0|5.00
LM-706|0|6.25|0|5.68
LM-706S|0|6.45|0|5.87
LM-708|0|7.40|0|6.73
LM-708S|0|7.59|0|6.90
LM-710|0|9.60|0|8.73
LM-710S|0|9.82|0|8.92
LM-712|0|12.37|0|11.25
LM-712S|0|12.68|0|11.52
LM-804|0|4.23|0|3.84
LM-804S|0|4.44|0|4.04
LM-806|0|7.69|0|6.99
LM-806S|0|7.89|0|7.18
LM-808|0|9.45|0|8.59
LM-808S|0|9.64|0|8.76
LM-810|0|12.79|0|11.63
LM-810S|0|13.00|0|11.82
LM-812|0|16.09|0|14.63
LM-812S|0|16.38|0|14.89
LM-814|0|21.10|0|19.18
LM-904|0|6.25|0|5.68
LM-906|0|7.39|0|6.72
LM-906S|0|7.59|0|6.90
LM-908|0|9.50|0|8.64
LM-908S|0|9.69|0|8.81
LM-910|0|13.23|0|12.03
LM-912|0|17.38|0|15.80
CL-002|0|0.43|0|0.39
CL-003|0|0.57|0|0.52
TM-005|0|2.12|0|1.93
TM-006|0|2.75|0|2.50
TM-008|0|3.49|0|3.17
TM-010|0|5.95|0|5.41
TM-012|0|3.33|0|3.03
TM-013|0|4.25|0|3.86
TM-014|0|4.33|0|3.94
TM-016|0|8.22|0|7.47
TM-018|0|4.87|0|4.43
TM-020|0|5.73|0|5.21
TM-021|0|8.75|0|7.95
TM-022|0|8.68|0|7.89
TM-023|0|15.50|0|14.09
TM-028|0|9.21|0|8.37
TM-029|0|12.90|0|11.73
TM-030|0|13.70|0|12.45
TM-031|0|22.77|0|20.70
TM-032|0|18.65|0|16.95
TM-033|0|22.12|0|20.11
TM-034|0|25.41|0|23.10
TM-036|0|29.16|0|26.51
TM-037|0|33.03|0|30.03
TM-040|0|46.31|0|42.10
TM-044|0|86.21|0|78.37
TM-100|0|4.52|0|4.11
TM-102|0|5.65|0|5.14
TM-104|0|7.46|0|6.78
TM-107|0|7.34|0|6.67
TM-108|0|8.21|0|7.46
TM-115|0|8.82|0|8.02
TM-116|0|9.46|0|8.60
TM-118|0|14.42|0|13.11
TM-122|0|12.95|0|11.77
TM-123|0|17.25|0|15.68
TM-124|0|20.26|0|18.42
TM-125|0|14.09|0|12.81
TM-127|0|22.58|0|20.53
TM-202|0|2.42|0|2.20
TM-204|0|2.56|0|2.33
TM-205|0|2.49|0|2.26
TM-208|0|5.25|0|4.77
TM-210|0|8.44|0|7.67
TM-213|0|13.50|0|12.27
TM-217|0|20.55|0|18.68
TM-226|0|63.38|0|57.62
TM-312|0|14.69|0|13.35
MC-009|0|47.65|0|43.32
MC-015|0|62.93|0|57.21
MC-010|0|65.64|0|59.67
MC-016|0|72.72|0|66.11
MC-011|0|93.67|0|85.15
MC-012|0|73.59|0|66.90
MC-013|0|131.71|0|119.74
MC-014|0|74.16|0|67.42
MC-017|0|107.86|0|98.05
MC-402|0|5.68|0|5.16
MC-403|0|8.22|0|7.47
MC-404|0|5.73|0|5.21
MC-407|0|8.17|0|7.43
MC-408|0|11.45|0|10.41
MC-409|0|11.84|0|10.76
MC-411|0|9.23|0|8.39
MC-412|0|10.70|0|9.73
MC-413|0|12.43|0|11.30
MC-414|0|16.25|0|14.77
MC-415|0|18.63|0|16.94
MC-416|0|24.92|0|22.65
MC-417|0|12.62|0|11.47
MC-419|0|18.08|0|16.44
MC-420|0|21.22|0|19.29
MC-421|0|27.01|0|24.55
MC-422|0|36.08|0|32.80
MC-425|0|36.09|0|32.81
MC-427|0|21.67|0|19.70
MC-428|0|30.51|0|27.74
MC-429|0|32.30|0|29.36
MC-430|0|48.41|0|44.01
MC-431|0|40.69|0|36.99
MC-432|0|46.35|0|42.14
MC-433|0|51.43|0|46.75
MC-435|0|62.22|0|56.56
MC-436|0|74.33|0|67.57
MC-437|0|102.91|0|93.55
MC-439|0|119.81|0|108.92
MC-441|0|120.31|0|109.37
MC-443|0|144.13|0|131.03
MC-601|0|2.62|0|2.38
MC-602|0|2.64|0|2.40
MC-604|0|2.38|0|2.16
MC-605|0|4.13|0|3.75
MC-606|0|5.32|0|4.84
MC-607|0|9.37|0|8.52
MC-608|0|8.54|0|7.76
MC-610|0|10.95|0|9.95
MC-613|0|17.46|0|15.87
MC-617|0|34.46|0|31.33
MC-618|0|53.04|0|48.22
MC-621|0|56.61|0|51.46
MC-622|0|79.89|0|72.63
MC-625|0|88.94|0|80.85
MC-704|0|7.70|0|7.00
MC-708|0|12.18|0|11.07
MC-709|0|17.17|0|15.61
MC-710|0|23.00|0|20.91
MC-712|0|22.04|0|20.04
MC-713|0|34.00|0|30.91
MC-714|0|35.86|0|32.60
MC-715|0|50.50|0|45.91
MC-719|0|135.30|0|123.00
MC-501|0|13.79|0|12.54
MC-502|0|10.92|0|9.93
MC-504|0|14.08|0|12.80
MC-505|0|14.76|0|13.42
MC-507|0|14.49|0|13.17
MC-508|0|16.94|0|15.40
MC-515|0|16.75|0|15.23
MC-516|0|20.88|0|18.98
MC-518|0|23.28|0|21.16
MC-520|0|23.10|0|21.00
MC-522|0|21.68|0|19.71
MC-524|0|28.60|0|26.00
MC-525|0|23.10|0|21.00
MC-526|0|26.86|0|24.42
MC-527|0|27.17|0|24.70
PB-801|0|23.85|0|20.74
PB-802|0|29.17|0|25.36
PB-803|0|29.17|0|25.36
PB-805|0|43.92|0|38.19
PB-806|0|49.04|0|42.65
PB-807|0|93.16|0|81.01
PB-813|0|39.63|0|34.46
PB-850|0|14.88|0|12.94
PB-851|0|17.27|0|15.02
PB-852|0|22.42|0|19.50
PB-853|0|26.57|0|23.11
PB-882|0|64.06|0|55.71
ML-001|0|10.98|0|9.81
ML-002|0|10.98|0|9.81
ML-003|0|10.98|0|9.81
ML-005|0|13.48|0|12.03
ML-006|0|14.01|0|12.51
ML-007|0|15.75|0|14.06
ML-008|0|17.39|0|15.53
ML-009|0|24.12|0|21.53
ML-010|0|25.23|0|22.53
ML-011|0|33.67|0|30.07
ML-012|0|46.02|0|41.09
ML-013|0|61.75|0|55.13
ML-014|0|83.36|0|74.43
ML-015|0|10.98|0|9.81
ML-017|0|10.98|0|9.81
ML-018|0|10.98|0|9.81
ML-020|0|13.48|0|12.03
ML-021|0|14.01|0|12.51
ML-022|0|15.75|0|14.06
ML-023|0|17.39|0|15.53
ML-024|0|24.12|0|21.53
ML-025|0|25.23|0|22.53
ML-026|0|33.67|0|30.07
ML-027|0|46.02|0|41.09
ML-028|0|61.75|0|55.13
ML-029|0|83.36|0|74.43
ML-030|0|10.98|0|9.81
ML-032|0|10.98|0|9.81
ML-033|0|10.98|0|9.81
ML-035|0|13.48|0|12.03
ML-036|0|14.01|0|12.51
ML-037|0|15.75|0|14.06
ML-038|0|17.39|0|15.53
ML-038A|0|11.61|0|10.37
ML-039|0|24.12|0|21.53
ML-039A|0|16.10|0|14.37
ML-040|0|25.23|0|22.53
ML-041|0|33.67|0|30.07
ML-042|0|46.02|0|41.09
ML-043|0|61.75|0|55.13
ML-044|0|83.36|0|74.43
ML-045|0|11.92|0|10.65
ML-046|0|11.92|0|10.65
ML-047|0|11.92|0|10.65
ML-048|0|11.92|0|10.65
ML-049|0|12.90|0|11.52
ML-050|0|13.49|0|12.05
ML-051|0|15.14|0|13.51
ML-052|0|16.88|0|15.07
ML-053|0|20.75|0|18.53
ML-054|0|25.28|0|22.58
ML-055|0|32.27|0|28.82
ML-056|0|42.04|0|37.54
ML-057|0|53.92|0|48.14
ML-058|0|58.94|0|52.62
ML-059|0|70.38|0|62.84
ML-060|0|12.90|0|11.52
ML-061|0|15.14|0|13.51
ML-062|0|16.88|0|15.07
ML-063|0|16.88|0|15.07
ML-064|0|20.75|0|18.53
ML-065|0|20.75|0|18.53
ML-066|0|20.75|0|18.53
ML-067|0|25.28|0|22.58
ML-068|0|25.28|0|22.58
ML-070|0|32.27|0|28.82
ML-071|0|42.04|0|37.54
ML-072|0|53.92|0|48.14
ML-073|0|58.94|0|52.62
ML-074|0|70.38|0|62.84
ML-075|0|18.43|0|16.45
ML-076|0|22.96|0|20.50
ML-077|0|34.75|0|31.03
ML-078|0|41.99|0|37.49
ML-079|0|84.08|0|75.07
ML-080|0|158.61|0|141.61
ML-081|0|13.79|0|12.31
ML-082|0|16.43|0|14.67
ML-083|0|21.62|0|19.31
ML-084|0|29.52|0|26.36
ML-085|0|56.48|0|50.43
ML-086|0|63.64|0|56.82
MR-001|0|27.10|0|24.19
MR-001A|0|18.10|0|16.16
MR-002|0|27.10|0|24.19
MR-002A|0|18.10|0|16.16
MR-003|0|29.05|0|25.94
MR-003A|0|19.39|0|17.31
MR-004|0|32.35|0|28.88
MR-005|0|32.35|0|28.88
MR-005A|0|21.59|0|19.27
MR-006|0|39.28|0|35.07
MR-006A|0|26.17|0|23.37
MR-007|0|42.62|0|38.05
MR-007A|0|28.41|0|25.36
MR-008|0|49.55|0|44.25
MR-008A|0|33.06|0|29.52
MR-009|0|66.91|0|59.74
MR-009A|0|44.57|0|39.79
MR-010|0|86.56|0|77.28
MR-010A|0|57.72|0|51.54
MR-011|0|103.75|0|92.63
MR-011A|0|69.17|0|61.76
MR-012|0|160.62|0|143.41
MR-012A|0|107.08|0|95.60
MR-013|0|231.79|0|206.96
MR-013A|0|154.54|0|137.98
MR-014|0|332.40|0|296.79
MR-014A|0|221.57|0|197.83
MR-015|0|27.10|0|24.19
MR-015A|0|18.10|0|16.16
MR-017|0|27.10|0|24.19
MR-017A|0|18.10|0|16.16
MR-018|0|29.05|0|25.94
MR-018A|0|19.39|0|17.31
MR-019|0|32.35|0|28.88
MR-020|0|32.35|0|28.88
MR-020A|0|21.59|0|19.27
MR-021|0|39.28|0|35.07
MR-021A|0|26.17|0|23.37
MR-022|0|42.62|0|38.05
MR-022A|0|28.41|0|25.36
MR-023|0|49.55|0|44.25
MR-023A|0|33.06|0|29.52
MR-024|0|66.91|0|59.74
MR-024A|0|44.57|0|39.79
MR-025|0|86.56|0|77.28
MR-025A|0|57.72|0|51.54
MR-026|0|103.75|0|92.63
MR-026A|0|69.17|0|61.76
MR-027|0|160.62|0|143.41
MR-027A|0|107.08|0|95.60
MR-028|0|231.79|0|206.96
MR-028A|0|154.54|0|137.98
MR-029|0|332.40|0|296.79
MR-029A|0|221.57|0|197.83
MR-033|0|19.39|0|17.31
MR-035|0|21.59|0|19.27
MR-036|0|26.21|0|23.40
MR-037|0|28.44|0|25.40
MR-038|0|32.97|0|29.44
MR-039|0|44.50|0|39.74
MR-040|0|57.47|0|51.31
MR-041|0|69.14|0|61.73
MR-042|0|107.08|0|95.60
MR-043|0|154.54|0|137.98
MR-044|0|221.63|0|197.88
MR-149|0|28.87|0|25.78
MR-045|0|27.10|0|24.19
MR-045A|0|18.08|0|16.14
MR-047|0|25.10|0|22.41
MR-047A|0|16.72|0|14.93
MR-048|0|29.09|0|25.97
MR-048A|0|19.39|0|17.31
MR-049|0|32.35|0|28.88
MR-049A|0|21.57|0|19.26
MR-050|0|39.22|0|35.02
MR-050A|0|26.15|0|23.35
MR-051|0|39.22|0|35.02
MR-051A|0|26.15|0|23.35
MR-052|0|49.57|0|44.26
MR-052A|0|33.05|0|29.50
MR-053|0|66.91|0|59.74
MR-053A|0|44.60|0|39.82
MR-054|0|86.65|0|77.36
MR-054A|0|57.78|0|51.59
MR-055|0|114.26|0|102.02
MR-055A|0|76.17|0|68.01
MR-056|0|148.48|0|132.57
MR-056A|0|98.98|0|88.37
MR-057|0|161.38|0|144.09
MR-057A|0|107.57|0|96.05
MR-058|0|199.53|0|178.15
MR-058A|0|133.01|0|118.76
MR-059|0|266.14|0|237.63
MR-059A|0|177.44|0|158.43
MR-060|0|21.57|0|19.26
MR-061|0|26.15|0|23.35
MR-062|0|33.05|0|29.50
MR-063|0|33.05|0|29.50
MR-064|0|44.60|0|39.82
MR-065|0|44.60|0|39.82
MR-066|0|44.60|0|39.82
MR-087|0|57.78|0|51.59
MR-067|0|57.78|0|51.59
MR-068|0|57.78|0|51.59
MR-069|0|76.17|0|68.01
MR-070|0|76.17|0|68.01
MR-071|0|98.99|0|88.39
MR-072|0|107.57|0|96.05
MR-073|0|133.01|0|118.76
MR-074|0|177.44|0|158.43
MR-075|0|42.16|0|37.64
MR-076|0|47.89|0|42.76
MR-077|0|69.59|0|62.13
MR-078|0|117.74|0|105.12
MR-079|0|202.86|0|181.12
MR-080|0|337.54|0|301.38
MR-104|0|186.68|0|166.68
MR-081|0|25.56|0|22.82
MR-082|0|37.96|0|33.90
MR-083|0|53.25|0|47.55
MR-084|0|75.26|0|67.20
MR-086|0|172.30|0|153.84
MMH-386|0|21.78|0|19.44
MMH-003|0|21.00|0|18.75
MMH-003S|0|21.45|0|19.15
MMH-005|0|21.00|0|18.75
MMH-005S|0|21.45|0|19.15
MMH-006|0|24.81|0|22.15
MMH-006S|0|25.26|0|22.55
MMH-007|0|27.19|0|24.27
MMH-007S|0|27.64|0|24.68
MMH-009|0|33.34|0|29.77
MMH-018|0|21.00|0|18.75
MMH-020|0|21.00|0|18.75
MMH-021|0|24.81|0|22.15
MMH-022|0|27.19|0|24.27
MMH-024|0|33.34|0|29.77
MMH-024S|0|33.80|0|30.18
MMH-036|0|24.81|0|22.15
MMH-037|0|27.19|0|24.27
MMH-038|0|31.25|0|27.90
MMH-304|0|82.46|0|73.62
MMH-303|0|105.37|0|94.08
MMH-411|0|177.16|0|158.18
MMH-412|0|330.22|0|294.84
MMH-306|0|23.86|0|21.30
MMH-312|0|23.86|0|21.30
MMH-048|0|21.00|0|18.75
MMH-049|0|21.00|0|18.75
MMH-049S|0|21.45|0|19.15
MMH-051|0|24.81|0|22.15
MMH-051S|0|25.26|0|22.55
MMH-052|0|27.19|0|24.27
MMH-052S|0|27.64|0|24.68
MMH-053|0|33.34|0|29.77
MMH-065|0|40.40|0|36.07
MMH-066|0|40.40|0|36.07
MMH-100|0|27.19|0|24.27
MMH-101|0|27.19|0|24.27
MMH-102|0|32.42|0|28.94
MMH-103|0|35.29|0|31.51
MMH-106|0|27.19|0|24.27
MMH-107|0|27.19|0|24.27
MMH-108|0|32.42|0|28.94
MMH-109|0|35.29|0|31.51
MMH-118|0|30.92|0|27.61
MMH-119|0|30.92|0|27.61
MMH-120|0|30.04|0|26.82
MMH-121|0|30.04|0|26.82
MMH-122|0|30.33|0|27.08
MMH-123|0|35.29|0|31.51
MMH-301|0|39.32|0|35.10
MMH-417|0|39.32|0|35.10
MMP-100|0|27.19|0|24.27
MMP-101|0|27.19|0|24.27
MMP-005|0|21.00|0|18.75
MMP-006|0|24.81|0|22.15
MMP-007|0|27.19|0|24.27
MMP-020|0|21.00|0|18.75
MMP-021|0|24.81|0|22.15
MMP-022|0|27.19|0|24.27
MMP-048|0|21.00|0|18.75
MMP-049|0|21.00|0|18.75
MMP-051|0|24.81|0|22.15
MMP-052|0|27.19|0|24.27
MMP-053|0|33.34|0|29.77
MMP-119|0|30.92|0|27.61
MMP-120|0|30.04|0|26.82
MMP-121|0|30.04|0|26.82
MMP-122|0|30.33|0|27.08
MMP-123|0|35.29|0|31.51
MMR-100|0|25.04|0|22.36
MMR-101|0|25.04|0|22.36
MMR-102|0|28.35|0|25.32
MMR-103|0|31.00|0|27.68
MMR-109|0|31.00|0|27.68
MMR-003|0|20.02|0|17.87
MMR-005|0|20.02|0|17.87
MMR-007|0|24.81|0|22.15
MMR-009|0|30.15|0|26.92
MMR-020|0|20.02|0|17.87
MMR-022|0|24.81|0|22.15
MMR-024|0|30.15|0|26.92
MMR-400|0|100.37|0|89.61
MMR-411|0|168.74|0|150.66
MMR-306|0|22.74|0|20.30
MMR-312|0|22.74|0|20.30
MMR-048|0|20.02|0|17.87
MMR-049|0|20.02|0|17.87
MMR-051|0|22.65|0|20.22
MMR-052|0|24.81|0|22.15
MMR-120|0|28.61|0|25.55
MMR-121|0|28.61|0|25.55
MMR-122|0|28.87|0|25.78
CJH-001|0|429.32|0|383.32
CJH-002|0|412.48|0|368.29
CJH-003|0|720.64|0|643.43
CJH-004|0|717.77|0|640.86
CJW-001|0|281.86|0|251.66
CJW-002|0|278.16|0|248.36
CJW-003|0|386.81|0|345.37
CJW-004|0|386.79|0|345.35
AL-503|0|16.39|0|14.90
AL-504|0|16.39|0|14.90
AL-505|0|16.72|0|15.20
AL-509|0|20.22|0|18.38
AL-510|0|20.19|0|18.36
AL-511|0|20.87|0|18.97
AL-512|0|21.55|0|19.59
AL-513|0|21.51|0|19.56
AL-514|0|21.48|0|19.53
AL-515|0|21.51|0|19.56
AL-517|0|26.62|0|24.20
AL-518|0|28.24|0|25.67
AL-519|0|28.19|0|25.63
AL-521|0|29.33|0|26.66
AL-550|0|16.39|0|14.90
AL-552|0|16.38|0|14.89
AL-553|0|16.72|0|15.20
AL-557|0|20.22|0|18.38
AL-558|0|20.21|0|18.38
AL-559|0|20.87|0|18.97
AL-560|0|21.47|0|19.52
AL-561|0|21.51|0|19.56
AL-562|0|21.52|0|19.57
AL-563|0|21.48|0|19.53
AL-577|0|16.38|0|14.89
AL-579|0|16.39|0|14.90
AL-580|0|16.72|0|15.20
AL-584|0|20.23|0|18.39
AL-585|0|20.30|0|18.46
AL-586|0|20.19|0|18.36
AL-587|0|20.90|0|19.00
AL-588|0|20.85|0|18.95
AL-589|0|20.90|0|19.00
AL-590|0|20.82|0|18.92
AL-604|0|16.07|0|14.61
AL-606|0|16.39|0|14.90
AL-607|0|16.39|0|14.90
AL-609|0|16.72|0|15.20
AL-611|0|20.87|0|18.97
AL-613|0|21.51|0|19.56
AL-615|0|21.48|0|19.53
AL-616|0|27.79|0|25.26
AL-630|0|20.28|0|18.44
AL-633|0|20.84|0|18.94
AL-634|0|20.85|0|18.95
AL-635|0|21.48|0|19.53
AL-539|0|20.27|0|18.43
AL-540|0|20.82|0|18.92
AL-543|0|28.12|0|25.56
AL-544|0|28.04|0|25.49
AL-546|0|29.20|0|26.54