2|177.11|1|73.65|1|70.14
3|200.86|1|83.52|1|79.54
4|335.22|1|139.39|1|132.75
5|442.39|1|183.94|1|175.18
6|289.25|1|116.91|1|111.34
7|359.33|1|145.91|1|138.96
8|534.39|1|217.38|1|207.03
9|1105.83|1|451.94|1|430.42
10|1843.50|1|745.61|1|710.10
15|208.53|0|0.00|0|0.00
16|473.22|1|158.92|1|151.35
17|664.97|1|221.73|1|211.17
18|1384.53|1|451.16|1|429.68
19|2492.17|1|835.81|1|796.01
22|316.06|1|125.48|1|119.50
23|394.11|1|157.49|1|149.99
24|590.86|1|230.38|1|219.41
25|1209.53|1|485.86|1|462.72
27|669.47|1|261.82|1|249.35
28|758.33|1|309.00|1|294.29
29|756.61|1|314.59|1|299.61
30|921.97|1|328.16|1|312.53
31|1301.61|1|507.95|1|483.76
32|1270.33|1|520.94|1|496.13
33|782.78|1|325.48|1|309.98
34|981.67|1|371.64|1|353.94
35|1333.03|1|523.73|1|498.79
36|1301.67|1|514.52|1|490.02
37|3115.92|1|1295.60|1|1233.90
38|1498.53|1|578.42|1|550.88
39|1445.83|1|560.41|1|533.72
40|3333.75|1|1386.18|1|1320.17
41|6674.33|1|2775.18|1|2643.03
42|3722.83|1|1543.19|1|1469.70
43|6840.78|1|2844.40|1|2708.95
46|59.83|1|24.19|1|23.04
47|98.97|1|39.90|1|38.00
51|102.00|1|42.41|1|40.39
52|154.00|1|62.70|1|59.71
53|218.78|1|90.97|1|86.64
54|550.89|1|229.07|1|218.16
61|1088.39|1|352.71|1|335.91
62|1116.83|1|380.31|1|362.20
63|1378.75|1|471.67|1|449.21
64|1103.25|1|358.94|1|341.85
65|1283.61|1|431.22|1|410.69
66|2192.69|1|678.56|1|646.25
67|1357.06|1|500.88|1|477.03
68|2238.89|1|660.40|1|628.95
77|6.92|12|2.22|12|2.11
78|10.36|12|2.99|12|2.85
79|13.33|12|3.77|12|3.59
80|31.78|12|8.99|12|8.56
81|54.89|6|14.37|6|13.69
84|14.64|12|4.18|12|3.98
85|3.58|25|1.47|25|1.40
86|5.14|50|2.13|50|2.03
87|9.22|25|3.24|25|3.09
88|14.92|12|5.53|12|5.27
95|3534.53|1|1306.36|1|1244.15
97|430.44|1|157.35|1|149.86
98|2110.00|1|775.93|1|738.98
99|2440.67|1|902.07|1|859.11
100|2480.53|1|907.81|1|864.58
101|2840.31|1|1049.78|1|999.79
102|3963.39|1|1464.87|1|1395.11
103|2779.56|1|1167.59|1|1111.99
104|4387.83|1|1824.46|1|1737.58
105|4683.42|1|1947.36|1|1854.63
106|21.03|1|8.26|1|7.87
107|22.61|1|8.78|1|8.36
108|29.36|1|11.39|1|10.85
109|31.42|1|12.19|1|11.61
110|39.25|1|18.04|1|17.18
111|40.00|1|17.77|1|16.92
112|55.00|1|27.90|1|26.57
113|55.47|1|25.41|1|24.20
114|84.00|1|38.52|1|36.69
115|84.00|1|38.91|1|37.06
116|144.00|1|56.55|1|53.86
117|144.00|1|59.71|1|56.87
120|410.31|1|161.12|1|153.45
147|34.61|1|13.43|1|12.79
148|35.00|1|13.59|1|12.94
149|37.22|1|14.97|1|14.26
150|38.00|1|14.75|1|14.05
151|50.33|1|21.29|1|20.28
152|54.47|1|22.19|1|21.13
153|71.33|1|28.94|1|27.56
154|71.28|1|29.03|1|27.65
155|93.61|1|39.74|1|37.85
156|95.89|1|38.91|1|37.06
157|153.47|1|59.56|1|56.72
158|156.00|1|60.54|1|57.66
161|439.89|1|163.62|1|155.83
166|132.08|1|51.94|1|49.47
169|194.17|1|76.26|1|72.63
170|194.17|1|76.26|1|72.63
171|388.47|1|152.76|1|145.49
172|388.47|1|152.76|1|145.49
192|38.31|10|16.09|10|15.32
193|38.31|10|16.09|10|15.32
194|38.31|10|16.09|10|15.32
195|38.31|10|16.09|10|15.32
196|38.31|10|16.09|10|15.32
200|38.31|10|16.09|10|15.32
201|38.31|10|16.09|10|15.32
206|38.31|10|16.09|10|15.32
207|38.31|10|16.09|10|15.32
208|38.31|10|16.09|10|15.32
217|57.33|10|24.07|10|22.92
240|81.42|10|33.90|10|32.29
266|32.89|1|12.10|1|11.52
267|34.06|1|13.65|1|13.00
268|30.75|1|12.39|1|11.80
272|35.58|1|15.55|1|14.81
273|36.06|1|14.99|1|14.28
275|75.67|1|30.33|1|28.89
276|37.47|1|15.58|1|14.84
278|75.47|1|30.27|1|28.83
279|72.67|1|30.14|1|28.70
280|87.50|1|36.14|1|34.42
281|98.36|1|39.60|1|37.71
282|70.11|1|29.06|1|27.68
285|144.00|1|60.63|1|57.74
287|177.06|1|75.92|1|72.30
294|31.67|1|13.18|1|12.55
296|34.47|1|14.33|1|13.65
297|36.61|1|15.21|1|14.49
298|25.00|1|10.40|1|9.90
299|25.94|1|9.87|1|9.40
300|45.19|1|17.46|1|16.63
301|61.56|1|24.43|1|23.27
302|51.53|1|17.66|1|16.82
303|34.83|1|14.26|1|13.58
304|36.19|1|14.77|1|14.07
305|37.22|1|15.48|1|14.74
306|40.69|1|16.93|1|16.12
307|92.58|1|38.49|1|36.66
308|71.67|1|28.50|1|27.14
309|64.75|1|26.74|1|25.47
310|67.78|1|27.95|1|26.62
311|77.39|1|31.41|1|29.91
312|144.83|1|62.83|1|59.84
313|144.58|1|62.92|1|59.92
314|152.14|1|66.15|1|63.00
315|168.31|1|69.98|1|66.65
320|15.94|12|6.23|12|5.93
321|30.28|12|12.09|12|11.51
322|44.97|12|18.69|12|17.80
323|79.39|6|33.01|6|31.44
325|42.72|1|16.88|1|16.08
326|67.97|1|26.96|1|25.68
327|51.97|1|20.22|1|19.26
329|80.61|1|31.50|1|30.00
330|68.03|1|27.15|1|25.86
332|208.92|1|86.87|1|82.73
333|140.75|1|58.53|1|55.74
334|132.75|1|55.20|1|52.57
335|662.00|1|275.26|1|262.15
336|660.69|1|239.72|1|228.30
337|563.17|1|211.65|1|201.57
338|533.33|1|211.07|1|201.02
342|240.25|1|91.42|1|87.07
343|299.53|1|115.76|1|110.25
345|257.83|1|98.32|1|93.64
346|298.36|1|115.91|1|110.39
347|381.53|1|155.87|1|148.45
349|339.83|1|128.14|1|122.04
350|257.83|1|114.07|1|108.64
351|438.11|1|182.18|1|173.50
352|817.47|1|317.43|1|302.31
355|456.39|1|189.77|1|180.73
356|495.14|1|202.49|1|192.85
357|904.47|1|350.65|1|333.95
360|22.22|1|6.41|1|6.10
361|52.28|1|14.02|1|13.35
363|18.39|1|5.52|1|5.26
365|53.25|1|13.99|1|13.32
370|15.64|10|5.79|10|5.51
371|32.64|1|11.12|1|10.59
372|36.53|1|12.37|1|11.78
373|52.50|1|18.91|1|18.01
374|81.97|1|27.32|1|26.02
375|138.28|1|49.61|1|47.25
376|257.25|1|93.71|1|89.25
377|30.58|1|9.86|1|9.39
378|29.19|1|9.33|1|8.89
379|37.61|1|13.90|1|13.24
380|37.17|1|13.74|1|13.09
381|23.17|1|8.57|1|8.16
382|26.78|1|10.40|1|9.90
383|27.22|1|10.06|1|9.58
384|33.94|1|13.67|1|13.02
385|48.17|1|19.13|1|18.22
386|59.33|1|23.75|1|22.62
387|71.50|1|27.52|1|26.21
389|240.64|1|90.43|1|86.12
390|511.67|1|212.76|1|202.63
391|131.78|1|48.71|1|46.39
392|236.89|1|87.56|1|83.39
393|40.64|1|14.92|1|14.21
394|55.06|1|20.35|1|19.38
395|237.97|1|88.39|1|84.18
396|248.22|1|91.02|1|86.69
397|378.42|1|139.86|1|133.20
398|697.47|1|257.79|1|245.51
399|31.17|1|10.93|1|10.41
400|63.33|1|23.35|1|22.24
401|113.53|1|43.50|1|41.43
404|5.33|20|1.97|20|1.88
409|9.25|30|3.41|30|3.25
411|17.31|30|5.95|30|5.67
415|12.33|20|4.35|20|4.14
417|24.00|20|8.20|20|7.81
419|14.33|18|4.88|18|4.65
421|14.53|18|5.38|18|5.12
423|25.14|18|8.67|18|8.26
424|40.83|12|15.10|12|14.38
429|26.64|10|9.23|10|8.79
430|37.72|10|12.95|10|12.33
431|39.69|10|13.67|10|13.02
432|60.17|6|22.24|6|21.18
433|54.33|6|18.69|6|17.80
435|73.61|6|25.38|6|24.17
438|95.67|3|32.92|3|31.35
450|17.47|20|7.27|20|6.92
453|18.36|20|6.78|20|6.46
454|20.33|20|7.51|20|7.15
461|22.17|20|8.20|20|7.81
462|23.83|20|8.81|20|8.39
466|39.69|10|16.51|10|15.72
468|30.22|10|12.57|10|11.97
471|35.36|10|13.07|10|12.45
473|52.78|10|21.95|10|20.90
478|6.39|30|2.36|30|2.25
480|9.25|20|3.42|20|3.26
482|14.50|20|5.26|20|5.01
484|23.50|20|8.45|20|8.05
487|34.22|10|12.65|10|12.05
529|21.81|30|9.06|30|8.63
531|31.47|30|13.08|30|12.46
535|32.25|20|13.41|20|12.77
537|48.33|20|20.09|20|19.13
539|37.58|18|15.62|18|14.88
541|48.33|18|20.09|18|19.13
542|62.47|18|25.98|18|24.74
543|72.11|18|29.98|18|28.55
544|99.22|12|41.25|12|39.29
545|65.83|10|24.47|10|23.30
549|69.06|10|26.31|10|25.06
550|92.31|10|34.88|10|33.22
551|103.44|10|38.50|10|36.67
552|147.83|6|54.26|6|51.68
553|120.89|6|50.43|6|48.03
554|139.28|6|56.78|6|54.08
555|157.39|6|65.84|6|62.70
557|194.47|3|78.04|3|74.32
558|228.17|3|92.75|3|88.33
561|409.17|2|147.28|2|140.27
563|399.61|2|144.34|2|137.47
565|526.36|2|189.22|2|180.21
566|28.28|20|11.76|20|11.20
568|28.89|20|12.01|20|11.44
570|36.53|20|15.18|20|14.46
573|37.36|20|15.53|20|14.79
574|43.69|20|18.18|20|17.31
581|43.58|20|18.12|20|17.26
582|51.89|20|21.57|20|20.54
586|60.06|10|28.81|10|27.44
588|61.03|10|22.56|10|21.49
590|83.56|10|30.25|10|28.81
591|70.17|10|25.98|10|24.74
593|83.03|10|30.35|10|28.90
597|4.89|30|1.81|30|1.72
598|6.78|30|2.51|30|2.39
599|10.92|30|4.03|30|3.84
600|14.86|20|5.49|20|5.23
602|24.00|20|8.87|20|8.45
603|33.33|20|13.59|20|12.94
604|28.97|20|11.77|20|11.21
607|53.47|10|19.76|10|18.82
609|81.00|10|29.94|10|28.51
610|115.75|10|42.79|10|40.75
611|91.17|8|33.69|8|32.09
612|140.00|8|51.74|8|49.28
615|149.75|2|55.36|2|52.72
617|176.06|2|65.07|2|61.97
619|235.31|2|86.97|2|82.83
625|20.92|20|7.73|20|7.36
629|32.25|20|11.92|20|11.35
633|58.33|10|21.56|10|20.53
635|94.86|6|35.06|6|33.39
642|18.00|12|5.88|12|5.60
643|18.00|12|5.88|12|5.60
644|18.00|12|5.88|12|5.60
645|18.00|12|5.88|12|5.60
646|18.00|12|5.88|12|5.60
647|18.00|12|5.88|12|5.60
648|18.00|12|5.88|12|5.60
652|18.00|12|5.88|12|5.60
654|216.64|1|70.93|1|67.55
655|18.00|12|5.88|12|5.60
656|18.00|12|5.88|12|5.60
657|18.00|12|5.88|12|5.60
658|18.00|12|5.88|12|5.60
659|18.00|12|5.88|12|5.60
660|18.00|12|5.88|12|5.60
661|18.00|12|5.88|12|5.60
667|216.64|1|70.93|1|67.55
668|18.00|12|5.88|12|5.60
669|18.00|12|5.88|12|5.60
670|18.00|12|5.88|12|5.60
671|18.00|12|5.88|12|5.60
672|18.00|12|5.88|12|5.60
673|18.00|12|5.88|12|5.60
679|18.00|12|5.88|12|5.60
680|216.64|1|70.93|1|67.55
681|18.00|12|5.88|12|5.60
682|18.00|12|5.88|12|5.60
683|18.00|12|5.88|12|5.60
684|18.00|12|5.88|12|5.60
685|18.00|12|5.88|12|5.60
686|18.00|12|5.88|12|5.60
687|18.00|12|5.88|12|5.60
693|216.64|1|70.93|1|67.55
694|49.47|1|17.58|1|16.74
695|50.39|1|18.01|1|17.15
696|51.33|1|17.93|1|17.08
697|50.58|1|17.64|1|16.80
698|54.86|1|18.87|1|17.97
699|71.64|1|26.87|1|25.59
700|73.00|1|27.46|1|26.15
701|75.89|1|28.39|1|27.04
702|84.89|1|31.72|1|30.21
703|71.42|1|26.95|1|25.67
704|84.78|1|31.64|1|30.13
705|82.72|1|30.86|1|29.39
706|112.97|1|41.45|1|39.48
707|126.72|1|46.12|1|43.92
708|127.14|1|46.45|1|44.24
709|134.39|1|49.08|1|46.74
710|134.72|1|48.97|1|46.64
711|145.00|1|52.48|1|49.98
712|148.53|1|53.26|1|50.72
713|51.83|1|18.62|1|17.73
714|51.39|1|18.36|1|17.49
715|48.39|1|17.26|1|16.44
716|49.81|1|17.36|1|16.53
717|60.17|1|21.51|1|20.49
718|54.78|1|19.23|1|18.31
719|57.06|1|19.92|1|18.97
720|59.28|1|20.64|1|19.66
721|76.33|1|28.57|1|27.21
723|80.56|1|29.96|1|28.53
724|84.83|1|31.63|1|30.12
725|77.83|1|28.70|1|27.33
726|126.58|1|46.23|1|44.03
727|134.83|1|49.00|1|46.67
728|134.61|1|48.92|1|46.59
729|134.39|1|48.75|1|46.43
730|139.53|1|50.02|1|47.64
731|59.17|1|20.57|1|19.59
733|73.97|1|27.85|1|26.52
735|74.11|1|27.81|1|26.49
736|79.36|1|29.63|1|28.22
738|78.97|1|29.76|1|28.34
739|84.67|1|31.61|1|30.10
740|76.78|1|29.06|1|27.68
741|81.72|1|30.81|1|29.34
742|124.11|1|45.13|1|42.98
743|124.22|1|45.14|1|42.99
744|133.47|1|48.34|1|46.04
745|134.08|1|48.59|1|46.28
746|54.67|1|19.25|1|18.33
747|54.69|1|19.22|1|18.30
748|55.08|1|19.48|1|18.55
749|57.92|1|20.01|1|19.06
750|70.75|1|26.61|1|25.34
751|71.06|1|26.80|1|25.52
752|74.53|1|27.93|1|26.60
753|84.22|1|31.40|1|29.90
754|79.67|1|29.69|1|28.28
756|81.39|1|30.30|1|28.86
757|113.00|1|41.52|1|39.54
759|125.67|1|45.77|1|43.59
760|133.86|1|48.73|1|46.41
761|127.67|1|45.97|1|43.78
762|141.28|1|50.87|1|48.45
763|139.92|1|49.56|1|47.20
767|45.17|1|15.08|1|14.36
769|54.61|1|19.22|1|18.30
770|57.92|1|20.01|1|19.06
771|59.33|1|20.65|1|19.67
772|72.81|1|27.36|1|26.06
773|74.11|1|27.45|1|26.14
774|72.58|1|27.29|1|25.99
776|79.00|1|29.58|1|28.17
778|79.56|1|29.86|1|28.44
780|124.89|1|45.45|1|43.29
781|125.28|1|45.69|1|43.51
782|128.50|1|46.23|1|44.03
883|5.94|30|2.24|30|2.13
884|7.47|30|2.90|30|2.76
886|9.25|30|3.68|30|3.50
888|17.33|30|6.26|30|5.96
890|9.47|20|3.51|20|3.34
891|12.11|20|4.46|20|4.25
892|12.33|20|4.57|20|4.35
894|24.06|20|8.64|20|8.23
896|13.19|18|5.12|18|4.88
898|13.19|18|5.49|18|5.23
899|24.81|18|9.21|18|8.77
900|25.17|18|9.12|18|8.69
901|40.97|12|16.31|12|15.53
906|26.64|10|9.69|10|9.23
907|37.69|10|13.59|10|12.94
908|39.75|10|14.41|10|13.72
909|60.50|6|23.97|6|22.83
910|54.25|6|19.62|6|18.69
911|61.94|6|23.29|6|22.18
912|73.78|6|26.74|6|25.47
914|84.86|3|30.69|3|29.23
915|96.00|3|34.77|3|33.11
918|134.47|2|48.74|2|46.42
922|228.81|2|90.72|2|86.40
923|11.39|20|4.74|20|4.51
925|14.11|20|5.86|20|5.58
927|17.47|20|7.26|20|6.91
930|18.33|20|7.62|20|7.26
931|20.28|20|8.43|20|8.03
938|22.17|20|9.22|20|8.78
939|23.83|20|9.90|20|9.43
941|33.17|10|13.80|10|13.14
945|30.11|10|12.53|10|11.93
946|40.47|10|16.82|10|16.02
947|47.47|10|19.74|10|18.80
948|35.25|10|14.66|10|13.96
950|52.67|10|21.90|10|20.86
953|6.31|30|2.55|30|2.43
955|6.39|30|2.66|30|2.53
956|6.53|30|2.61|30|2.49
959|14.50|20|5.52|20|5.26
961|23.50|20|8.87|20|8.45
964|34.22|10|14.20|10|13.52
968|52.06|8|21.62|8|20.59
977|176.25|2|66.71|2|63.53
990|40.92|10|15.46|10|14.72
1001|14.67|20|8.52|20|8.11
1002|21.22|20|12.39|20|11.80
1003|14.36|30|6.43|30|6.12
1006|21.39|30|9.28|30|8.84
1007|29.58|30|12.84|30|12.23
1008|30.56|30|13.71|30|13.06
1010|23.39|20|9.71|20|9.25
1011|27.11|20|11.27|20|10.73
1012|31.33|20|13.02|20|12.40
1013|41.97|20|17.10|20|16.29
1014|46.94|20|19.52|20|18.59
1015|64.33|15|26.22|15|24.97
1016|32.58|18|13.27|18|12.64
1018|41.78|18|17.37|18|16.54
1019|54.81|18|22.32|18|21.26
1020|62.44|18|25.97|18|24.73
1021|86.11|12|35.81|12|34.10
1024|93.22|10|39.47|10|37.59
1026|58.11|10|25.06|10|23.87
1027|78.81|10|33.25|10|31.67
1028|86.72|10|36.71|10|34.96
1029|125.03|6|52.96|6|50.44
1030|105.08|6|48.10|6|45.81
1031|119.72|6|54.14|6|51.56
1032|137.67|6|62.77|6|59.78
1034|166.61|3|74.46|3|70.91
1035|199.42|3|88.46|3|84.25
1036|265.78|2|118.47|2|112.83
1038|309.42|2|126.09|2|120.09
1040|310.72|2|126.61|2|120.58
1042|410.50|2|157.98|2|150.46
1044|35.61|20|16.45|20|15.67
1045|28.19|20|13.03|20|12.41
1047|35.61|20|16.44|20|15.66
1048|38.11|20|15.53|20|14.79
1050|36.44|20|15.15|20|14.43
1051|42.61|20|17.71|20|16.87
1058|42.47|20|17.63|20|16.79
1059|50.58|20|21.03|20|20.03
1061|60.11|10|26.58|10|25.31
1063|58.53|10|26.45|10|25.19
1065|59.47|10|22.83|10|21.74
1067|81.42|10|30.10|10|28.67
1068|68.36|10|24.94|10|23.75
1069|69.39|10|28.27|10|26.92
1070|80.89|10|28.96|10|27.58
1072|6.75|30|2.87|30|2.73
1073|6.83|30|2.78|30|2.65
1075|6.61|30|2.50|30|2.38
1076|10.67|30|4.35|30|4.14
1077|14.50|20|5.60|20|5.33
1078|24.19|20|9.87|20|9.40
1079|23.39|20|8.99|20|8.56
1081|28.25|20|11.52|20|10.97
1084|52.19|10|18.36|10|17.49
1088|89.00|8|36.28|8|34.55
1089|137.00|8|55.82|8|53.16
1092|146.19|2|59.57|2|56.73
1093|206.33|2|84.07|2|80.07
1096|229.69|2|93.59|2|89.13
1102|20.42|20|8.11|20|7.72
1106|31.47|20|12.81|20|12.20
1107|44.33|20|18.07|20|17.21
1108|59.39|10|24.21|10|23.06
1110|56.94|10|23.19|10|22.09
1111|87.83|10|35.78|10|34.08
1112|92.61|6|37.74|6|35.94
1113|130.44|6|53.15|6|50.62
1117|349.42|2|142.39|2|135.61
1120|59.56|1|23.36|1|22.25
1121|73.36|1|29.36|1|27.96
1122|73.36|1|29.36|1|27.96
1124|110.00|1|44.22|1|42.11
1125|124.47|1|49.37|1|47.02
1126|210.36|1|91.18|1|86.84
1132|99.28|1|39.89|1|37.99
1157|37.17|1|14.97|1|14.26
1158|43.17|1|17.39|1|16.56
1159|56.03|1|22.56|1|21.49
1160|66.39|1|26.74|1|25.47
1174|151.75|1|63.11|1|60.10
1199|30.17|1|12.90|1|12.29
1200|30.17|1|12.90|1|12.29
1201|30.17|1|12.90|1|12.29
1203|37.03|1|15.79|1|15.04
1204|38.56|1|16.45|1|15.67
1205|43.33|1|18.49|1|17.61
1206|47.86|1|20.40|1|19.43
1207|66.39|1|28.31|1|26.96
1208|69.42|1|29.62|1|28.21
1209|92.64|1|39.53|1|37.65
1210|126.58|1|54.02|1|51.45
1211|169.89|1|72.50|1|69.05
1212|229.25|1|97.84|1|93.18
1213|30.17|1|12.90|1|12.29
1215|30.17|1|12.90|1|12.29
1216|30.17|1|12.90|1|12.29
1218|37.03|1|15.79|1|15.04
1219|38.56|1|16.45|1|15.67
1220|43.33|1|18.49|1|17.61
1221|47.86|1|20.40|1|19.43
1222|66.39|1|28.31|1|26.96
1223|69.42|1|29.62|1|28.21
1224|92.64|1|39.53|1|37.65
1225|126.58|1|54.02|1|51.45
1226|169.89|1|72.50|1|69.05
1227|229.25|1|97.84|1|93.18
1228|30.17|1|12.90|1|12.29
1230|30.17|1|12.90|1|12.29
1231|30.17|1|12.90|1|12.29
1233|37.03|1|15.79|1|15.04
1234|38.56|1|16.45|1|15.67
1235|43.33|1|18.49|1|17.61
1236|47.86|1|20.40|1|19.43
1237|66.39|1|28.31|1|26.96
1238|69.42|1|29.62|1|28.21
1239|92.64|1|39.53|1|37.65
1240|126.58|1|54.02|1|51.45
1241|169.89|1|72.50|1|69.05
1242|229.25|1|97.84|1|93.18
1243|32.83|1|14.01|1|13.34
1244|32.83|1|14.01|1|13.34
1245|32.83|1|14.01|1|13.34
1246|32.83|1|14.01|1|13.34
1247|35.56|1|15.14|1|14.42
1248|41.64|1|15.86|1|15.10
1249|41.64|1|17.77|1|16.92
1250|46.44|1|19.80|1|18.86
1251|57.08|1|24.37|1|23.21
1252|69.56|1|29.67|1|28.26
1253|88.75|1|37.88|1|36.08
1254|115.67|1|49.38|1|47.03
1255|148.28|1|63.28|1|60.27
1256|162.17|1|69.20|1|65.90
1257|193.61|1|82.62|1|78.69
1258|35.53|1|15.14|1|14.42
1259|41.64|1|17.77|1|16.92
1260|46.44|1|19.80|1|18.86
1261|46.44|1|19.80|1|18.86
1262|57.08|1|24.37|1|23.21
1263|57.08|1|24.37|1|23.21
1264|57.08|1|24.37|1|23.21
1265|69.56|1|29.67|1|28.26
1266|69.56|1|29.67|1|28.26
1268|88.75|1|37.88|1|36.08
1269|115.67|1|49.38|1|47.03
1270|148.28|1|63.28|1|60.27
1271|162.17|1|69.20|1|65.90
1272|193.61|1|82.62|1|78.69
1273|43.33|1|19.58|1|0.00
1274|54.00|1|24.38|1|0.00
1275|81.75|1|36.91|1|0.00
1276|98.75|1|44.59|1|0.00
1277|197.75|1|89.29|1|0.00
1278|373.03|1|168.44|1|0.00
1279|32.39|1|14.65|1|0.00
1280|38.64|1|17.46|1|0.00
1281|50.86|1|22.97|1|0.00
1282|69.42|1|31.37|1|0.00
1283|132.83|1|59.99|1|0.00
1284|149.67|1|67.57|1|0.00
1285|74.50|1|28.91|1|27.53
1286|74.50|1|28.91|1|27.53
1287|79.94|1|31.02|1|29.54
1288|88.97|1|34.51|1|32.87
1289|88.97|1|34.51|1|32.87
1290|108.03|1|41.92|1|39.92
1291|117.25|1|45.49|1|43.32
1292|136.33|1|52.88|1|50.36
1293|184.00|1|71.40|1|68.00
1294|238.08|1|92.36|1|87.96
1295|285.33|1|110.70|1|105.43
1296|441.78|1|171.39|1|163.23
1297|637.61|1|247.35|1|235.57
1298|914.31|1|354.69|1|337.80
1299|74.50|1|28.91|1|27.53
1301|74.50|1|28.91|1|27.53
1302|79.94|1|31.02|1|29.54
1303|88.97|1|34.51|1|32.87
1304|88.97|1|34.51|1|32.87
1305|108.03|1|41.92|1|39.92
1306|117.25|1|45.49|1|43.32
1307|136.33|1|52.88|1|50.36
1308|184.00|1|71.40|1|68.00
1309|238.08|1|92.36|1|87.96
1310|285.33|1|110.70|1|105.43
1311|441.78|1|171.39|1|163.23
1312|637.61|1|247.35|1|235.57
1313|914.31|1|354.69|1|337.80
1317|53.33|1|20.69|1|19.70
1319|59.33|1|23.04|1|21.94
1320|72.11|1|27.96|1|26.63
1321|78.25|1|30.36|1|28.91
1322|90.72|1|35.19|1|33.51
1323|122.47|1|47.50|1|45.24
1324|158.11|1|61.32|1|58.40
1325|190.22|1|73.79|1|70.28
1326|294.53|1|114.26|1|108.82
1327|425.11|1|164.90|1|157.05
1328|609.64|1|236.49|1|225.23
1329|74.50|1|28.91|1|27.53
1331|74.50|1|26.79|1|25.51
1332|79.97|1|31.05|1|29.57
1333|88.97|1|34.51|1|32.87
1334|107.89|1|41.85|1|39.86
1335|107.89|1|41.85|1|39.86
1336|136.39|1|52.91|1|50.39
1337|184.00|1|71.40|1|68.00
1338|238.36|1|92.47|1|88.07
1339|314.28|1|121.93|1|116.12
1340|408.39|1|158.45|1|150.90
1341|443.89|1|172.19|1|163.99
1342|548.83|1|212.90|1|202.76
1343|732.08|1|283.99|1|270.47
1344|82.31|1|23.02|1|21.92
1345|85.42|1|27.90|1|26.57
1346|99.94|1|35.27|1|33.59
1347|99.94|1|35.27|1|33.59
1348|134.81|1|47.60|1|45.33
1349|134.81|1|47.60|1|45.33
1350|134.81|1|47.60|1|45.33
1351|167.03|1|61.65|1|58.71
1352|167.03|1|61.65|1|58.71
1353|231.39|1|81.29|1|77.42
1354|231.39|1|81.29|1|77.42
1355|356.47|1|105.64|1|100.61
1356|386.89|1|114.80|1|109.33
1357|482.53|1|141.95|1|135.19
1358|643.36|1|189.34|1|180.32
1359|99.17|1|40.70|1|0.00
1360|112.61|1|46.25|1|0.00
1361|163.67|1|67.19|1|0.00
1362|276.89|1|113.66|1|0.00
1363|477.08|1|195.86|1|0.00
1364|793.83|1|325.88|1|0.00
1365|60.11|1|24.67|1|0.00
1366|89.31|1|36.64|1|0.00
1367|125.25|1|51.41|1|0.00
1368|177.00|1|72.66|1|0.00
1370|405.25|1|166.35|1|0.00
1371|167.03|1|61.65|1|58.71
1409|33.97|1|13.63|1|12.98
1410|47.11|1|18.92|1|18.02
1446|49.72|1|19.30|1|18.38
1447|49.72|1|19.30|1|18.38
1448|53.33|1|20.69|1|19.70
1450|59.33|1|23.04|1|21.94
1451|71.97|1|27.92|1|26.59
1452|78.17|1|30.32|1|28.88
1453|90.94|1|35.29|1|33.61
1454|122.58|1|47.57|1|45.30
1455|158.75|1|61.60|1|58.67
1456|190.25|1|73.82|1|70.30
1457|294.53|1|114.26|1|108.82
1458|425.11|1|164.90|1|157.05
1459|609.47|1|236.45|1|225.19
1460|49.72|1|19.30|1|18.38
1462|49.72|1|19.30|1|18.38
1463|53.33|1|20.69|1|19.70
1465|59.33|1|23.04|1|21.94
1466|71.97|1|27.92|1|26.59
1467|78.17|1|30.32|1|28.88
1468|90.94|1|35.29|1|33.61
1469|122.58|1|47.57|1|45.30
1470|158.75|1|61.60|1|58.67
1471|190.25|1|73.82|1|70.30
1472|294.53|1|114.26|1|108.82
1473|425.11|1|164.90|1|157.05
1474|609.47|1|236.45|1|225.19
1475|49.72|1|19.29|1|18.37
1477|49.72|1|17.85|1|17.00
1478|53.33|1|20.69|1|19.70
1479|59.33|1|23.02|1|21.92
1480|71.94|1|27.90|1|26.57
1481|71.94|1|27.90|1|26.57
1482|91.00|1|35.27|1|33.59
1483|122.58|1|47.60|1|45.33
1484|158.92|1|61.65|1|58.71
1485|209.53|1|81.29|1|77.42
1486|289.97|1|105.63|1|100.60
1487|295.89|1|114.80|1|109.33
1488|365.83|1|141.95|1|135.19
1489|488.08|1|189.34|1|180.32
1491|6.08|1|2.87|1|2.73
1495|22.72|1|6.84|1|6.51
1496|52.31|1|14.32|1|13.64
1497|18.89|1|6.24|1|5.94
1498|53.25|1|14.32|1|13.64
1501|34.17|1|11.79|1|11.23
1502|38.06|1|13.02|1|12.40
1503|53.17|1|19.62|1|18.69
1504|31.25|1|10.58|1|10.08
1505|29.92|1|10.04|1|9.56
1506|38.28|1|14.14|1|13.47
1507|37.89|1|14.01|1|13.34
1514|91.50|1|30.16|1|28.72
1558|19.75|1|5.30|1|5.05
1559|25.72|1|7.12|1|6.78
1564|21.33|1|5.65|1|5.38
1565|27.25|1|7.49|1|7.13
1569|10.67|1|3.29|1|3.13
1570|12.31|1|4.22|1|4.02
1571|16.03|1|5.59|1|5.32
1572|19.58|1|6.83|1|6.50
1573|24.03|6|7.40|6|7.05
1576|11.08|1|3.79|1|3.61
1577|12.44|1|3.76|1|3.58
1578|18.97|1|6.59|1|6.28
1579|23.44|1|8.13|1|7.74
1580|28.44|1|9.85|1|9.38
1583|21.83|1|4.46|1|4.25
1584|27.14|1|6.20|1|5.90
1585|37.83|1|7.26|1|6.91
1586|48.81|1|9.65|1|9.19
1587|63.58|1|15.84|1|15.09
1590|21.14|1|4.46|1|4.25
1591|26.44|1|6.20|1|5.90
1592|37.11|1|8.66|1|8.25
1593|48.11|1|12.18|1|11.60
1594|62.81|1|16.58|1|15.79
1598|10.86|1|3.70|1|3.52
1599|14.61|1|4.83|1|4.60
1600|18.14|1|5.95|1|5.67
1601|23.03|1|7.65|1|7.29
1605|11.11|1|3.76|1|3.58
1606|17.44|1|5.52|1|5.26
1607|21.78|1|6.65|1|6.33
1608|26.69|1|8.44|1|8.04
1611|15.75|1|5.00|1|4.76
1612|18.47|1|5.76|1|5.49
1613|22.17|1|7.50|1|7.14
1614|27.83|1|9.02|1|8.59
1615|36.14|1|11.56|1|11.01
1618|16.00|1|5.12|1|4.88
1619|19.11|1|5.89|1|5.61
1620|22.50|1|7.62|1|7.26
1621|29.14|1|9.25|1|8.81
1622|37.53|1|11.92|1|11.35
1625|11.19|1|3.71|1|3.53
1627|21.50|1|7.74|1|7.37
1629|27.03|1|10.35|1|9.86
1630|37.00|1|14.23|1|13.55
1631|47.53|1|16.40|1|15.62
1633|11.67|1|4.31|1|4.10
1635|22.19|1|7.26|1|6.91
1637|27.97|1|10.48|1|9.98
1638|37.75|1|14.35|1|13.67
1639|47.53|1|16.53|1|15.74
1641|9.97|1|2.80|1|2.67
1644|20.75|1|6.66|1|6.34
1672|11.17|1|3.38|1|3.22
1673|13.25|1|4.81|1|4.58
1674|17.06|1|6.12|1|5.83
1675|22.89|1|8.20|1|7.81
1676|29.22|1|10.38|1|9.89
1679|12.44|1|4.25|1|4.05
1680|14.83|1|4.57|1|4.35
1681|18.39|1|6.04|1|5.75
1682|25.50|1|9.22|1|8.78
1683|33.36|1|11.75|1|11.19
1686|6.14|1|2.64|1|2.51
1697|15.94|12|3.86|12|3.68
1698|19.28|12|5.03|12|4.79
1699|25.25|12|6.88|12|6.55
1700|35.39|12|10.03|12|9.55
1701|46.47|12|13.47|12|12.83
1703|17.47|12|4.10|12|3.90
1704|20.86|12|5.38|12|5.12
1705|26.78|12|7.23|12|6.89
1706|37.33|12|10.36|12|9.87
1707|49.06|6|14.04|6|13.37
1709|10.14|12|3.22|12|3.07
1710|11.75|12|3.95|12|3.76
1711|15.56|12|5.34|12|5.09
1712|19.14|12|6.60|12|6.29
1713|23.89|6|7.32|6|6.97
1714|58.47|6|13.88|6|13.22
1715|65.56|6|15.75|6|15.00
1716|10.56|12|3.75|12|3.57
1717|11.97|12|3.74|12|3.56
1718|18.50|12|6.34|12|6.04
1719|23.00|12|7.92|12|7.54
1720|27.75|6|9.51|6|9.06
1721|43.89|6|14.68|6|13.98
1723|21.33|12|4.47|12|4.26
1724|26.67|12|5.92|12|5.64
1725|37.33|12|7.00|12|6.67
1726|48.31|12|9.38|12|8.93
1727|62.89|6|15.51|6|14.77
1728|74.22|6|19.27|6|18.35
1729|83.67|6|23.01|6|21.91
1730|20.61|12|4.47|12|4.26
1731|25.94|12|5.92|12|5.64
1732|36.61|12|8.41|12|8.01
1733|47.61|12|11.91|12|11.34
1734|62.11|6|16.24|6|15.47
1735|72.64|6|19.27|6|18.35
1737|8.83|12|3.14|12|2.99
1738|10.39|12|3.66|12|3.49
1739|14.14|12|4.58|12|4.36
1740|17.61|12|5.67|12|5.40
1741|22.33|6|7.32|6|6.97
1742|39.33|6|13.36|6|12.72
1745|10.61|12|3.72|12|3.54
1746|16.97|12|5.27|12|5.02
1747|21.25|12|6.36|12|6.06
1748|26.00|6|8.10|6|7.71
1751|15.25|12|4.73|12|4.50
1752|18.00|12|5.50|12|5.24
1753|21.67|12|7.26|12|6.91
1754|27.31|12|8.74|12|8.32
1755|35.44|6|11.22|6|10.69
1756|48.39|6|14.45|6|13.76
1758|15.47|12|4.84|12|4.61
1759|18.61|12|5.62|12|5.35
1760|22.00|12|7.37|12|7.02
1761|28.64|12|8.98|12|8.55
1762|36.86|6|11.58|6|11.03
1765|10.67|12|3.66|12|3.49
1767|21.00|12|7.46|12|7.10
1769|26.56|12|10.11|12|9.63
1770|36.50|12|13.95|12|13.29
1771|46.83|6|16.07|6|15.30
1773|11.14|12|4.12|12|3.92
1775|21.69|12|6.96|12|6.63
1777|27.47|12|10.23|12|9.74
1778|37.25|12|14.08|12|13.41
1779|46.83|6|16.18|6|15.41
1780|61.39|6|22.33|6|21.27
1781|9.44|12|2.54|12|2.42
1782|9.83|12|3.49|12|3.32
1783|11.11|12|4.10|12|3.90
1784|20.25|12|6.37|12|6.07
1789|16.03|12|4.82|12|4.59
1812|10.64|12|3.31|12|3.15
1813|12.75|12|4.53|12|4.31
1814|16.58|12|5.87|12|5.59
1815|22.39|12|7.93|12|7.55
1816|28.53|6|10.05|6|9.57
1817|36.61|6|13.05|6|12.43
1819|11.92|12|4.23|12|4.03
1820|14.33|12|4.58|12|4.36
1821|17.92|12|5.78|12|5.50
1822|25.00|12|8.94|12|8.51
1823|32.67|6|11.40|6|10.86
1824|41.31|6|14.39|6|13.70
1826|5.58|12|2.37|12|2.26
1828|17.58|12|2.74|12|2.61
1829|17.58|12|2.80|12|2.67
1830|18.08|12|2.92|12|2.78
1832|17.36|12|4.43|12|4.22
1833|22.94|12|5.32|12|5.07
1839|43.61|1|19.40|1|18.48
1840|43.61|1|19.40|1|18.48
1841|44.31|1|19.64|1|18.70
1842|53.25|1|22.89|1|21.80
1843|53.17|1|22.87|1|21.78
1844|54.81|1|23.38|1|22.27
1845|56.31|1|23.90|1|22.76
1846|56.25|1|23.88|1|22.74
1847|56.17|1|23.86|1|22.72
1848|56.17|1|23.87|1|22.73
1849|67.42|1|28.32|1|26.97
1850|71.00|1|27.88|1|26.55
1851|70.53|1|27.69|1|26.37
1852|72.97|1|28.65|1|27.29
1858|42.97|1|19.18|1|18.27
1859|43.61|1|19.40|1|18.48
1860|43.61|1|19.40|1|18.48
1862|44.31|1|19.64|1|18.70
1864|54.75|1|23.36|1|22.25
1866|56.28|1|23.88|1|22.74
1868|56.19|1|23.88|1|22.74
1869|69.92|1|29.60|1|28.19
1878|53.39|1|22.95|1|21.86
1879|54.67|1|23.36|1|22.25
1881|54.75|1|23.35|1|22.24
1882|56.17|1|23.85|1|22.71
1883|53.33|1|22.94|1|21.85
1884|54.64|1|23.34|1|22.23
1885|70.72|1|27.77|1|26.45
1886|70.53|1|27.69|1|26.37
1888|73.17|1|28.73|1|27.36
1889|43.61|1|19.41|1|18.49
1891|43.61|1|19.39|1|18.47
1892|44.31|1|19.64|1|18.70
1893|53.25|1|22.89|1|21.80
1894|53.19|1|22.88|1|21.79
1895|54.75|1|23.39|1|22.28
1896|56.11|1|23.88|1|22.74
1897|56.19|1|23.88|1|22.74
1898|56.28|1|23.87|1|22.73
1899|56.17|1|23.84|1|22.70
1910|43.61|1|19.40|1|18.48
1912|43.61|1|19.40|1|18.48
1913|44.33|1|19.64|1|18.70
1915|53.28|1|22.90|1|21.81
1916|53.42|1|22.97|1|21.88
1917|53.14|1|22.87|1|21.78
1918|54.83|1|23.36|1|22.25
1919|54.67|1|23.35|1|22.24
1920|54.81|1|23.36|1|22.25
1921|54.64|1|23.34|1|22.23
1926|30.19|12|9.80|12|9.33
1927|30.19|12|9.80|12|9.33
1928|30.19|12|9.80|12|9.33
1929|30.19|12|9.80|12|9.33
1930|30.19|12|9.80|12|9.33
1931|30.19|12|9.80|12|9.33
1932|30.19|12|9.80|12|9.33
1935|271.50|1|88.53|1|84.31
1936|113.28|1|41.86|1|39.87
1937|118.94|1|46.39|1|44.18
1938|0.83|100|0.36|100|0.34
1939|0.89|100|0.38|100|0.36
1940|1.03|100|0.44|100|0.42
1941|1.56|100|0.68|100|0.65
1942|2.00|100|0.88|100|0.84
1944|3.67|50|1.58|50|1.50
1945|4.72|50|1.75|50|1.67
1946|7.08|25|2.82|25|2.69
1947|7.72|25|3.07|25|2.92
1948|7.50|25|3.30|25|3.14
1949|7.89|25|3.45|25|3.29
1950|9.72|25|4.17|25|3.97
1951|10.03|25|4.13|25|3.93
1952|10.83|25|4.41|25|4.20
1953|11.69|25|4.88|25|4.65
1954|13.33|20|5.86|20|5.58
1955|13.33|20|5.86|20|5.58
1956|0.89|100|0.39|100|0.37
1957|0.89|100|0.39|100|0.37
1958|0.89|100|0.39|100|0.37
1959|0.92|100|0.40|100|0.38
1960|0.92|100|0.40|100|0.38
1961|0.97|100|0.42|100|0.40
1962|1.00|100|0.43|100|0.41
1963|1.08|100|0.45|100|0.43
1964|1.17|100|0.48|100|0.46
1965|1.28|100|0.55|100|0.52
1966|1.64|100|0.62|100|0.59
1967|2.56|100|1.14|100|1.09
1968|3.67|50|1.61|50|1.53
1969|7.69|25|3.02|25|2.88
1970|11.17|25|4.64|25|4.42
1971|14.25|20|5.81|20|5.53
1972|0.89|100|0.39|100|0.37
1973|0.97|100|0.44|100|0.42
1974|1.14|100|0.50|100|0.48
1975|1.72|100|0.76|100|0.72
1976|2.25|100|0.99|100|0.94
1978|4.11|50|1.80|50|1.71
1979|5.25|50|2.15|50|2.05
1980|8.00|25|3.35|25|3.19
1981|8.86|25|3.74|25|3.56
1982|8.86|25|3.89|25|3.70
1983|9.25|25|4.06|25|3.87
1984|12.58|50|5.52|50|5.26
1985|13.22|25|5.81|25|5.53
1986|14.31|25|6.26|25|5.96
1987|15.33|20|6.72|20|6.40
1988|17.25|20|7.57|20|7.21
1989|17.56|20|7.71|20|7.34
1990|1.06|100|0.44|100|0.42
1991|1.06|100|0.44|100|0.42
1992|1.06|100|0.44|100|0.42
1993|1.06|100|0.44|100|0.42
1994|1.08|100|0.44|100|0.42
1995|1.08|100|0.44|100|0.42
1996|1.08|100|0.44|100|0.42
1997|1.08|100|0.45|100|0.43
1999|1.08|100|0.45|100|0.43
2000|1.08|100|0.45|100|0.43
2001|1.08|100|0.45|100|0.43
2002|1.08|100|0.45|100|0.43
2003|1.11|100|0.45|100|0.43
2004|0.97|100|0.40|100|0.38
2005|0.97|100|0.40|100|0.38
2006|0.97|100|0.40|100|0.38
2007|0.97|100|0.41|100|0.39
2008|0.97|100|0.41|100|0.39
2009|0.97|100|0.41|100|0.39
2010|1.00|100|0.41|100|0.39
2011|1.00|100|0.41|100|0.39
2012|1.00|100|0.41|100|0.39
2013|1.00|100|0.41|100|0.39
2014|1.03|100|0.41|100|0.39
2015|1.03|100|0.43|100|0.41
2016|1.03|100|0.43|100|0.41
2017|1.06|100|0.44|100|0.42
2018|1.06|100|0.44|100|0.42
2019|1.06|100|0.44|100|0.42
2020|0.81|100|0.33|100|0.31
2021|0.81|100|0.33|100|0.31
2022|0.81|100|0.33|100|0.31
2023|0.83|100|0.34|100|0.32
2024|0.83|100|0.34|100|0.32
2025|0.83|100|0.34|100|0.32
2026|0.83|100|0.34|100|0.32
2027|0.83|100|0.34|100|0.32
2028|0.83|100|0.35|100|0.33
2029|0.83|100|0.35|100|0.33
2030|0.83|100|0.35|100|0.33
2031|0.86|100|0.35|100|0.33
2032|0.86|100|0.36|100|0.34
2033|0.89|100|0.36|100|0.34
2034|0.89|100|0.37|100|0.35
2036|0.81|100|0.33|100|0.31
2037|0.83|100|0.34|100|0.32
2038|0.83|100|0.34|100|0.32
2039|0.83|100|0.34|100|0.32
2040|0.83|100|0.34|100|0.32
2041|0.83|100|0.34|100|0.32
2042|0.83|100|0.35|100|0.33
2043|0.83|100|0.35|100|0.33
2044|0.83|100|0.36|100|0.34
2045|0.86|100|0.36|100|0.34
2046|0.86|100|0.36|100|0.34
2047|0.86|100|0.36|100|0.34
2048|0.92|100|0.38|100|0.36
2049|0.94|100|0.39|100|0.37
2050|0.97|100|0.40|100|0.38
2051|0.97|100|0.41|100|0.39
2052|1.00|100|0.42|100|0.40
2053|1.06|100|0.44|100|0.42
2054|1.11|100|0.46|100|0.44
2055|1.17|100|0.48|100|0.46
2056|1.53|100|0.63|100|0.60
2057|1.56|100|0.65|100|0.62
2058|0.83|100|0.34|100|0.32
2059|0.83|100|0.34|100|0.32
2060|0.86|100|0.35|100|0.33
2061|0.86|100|0.35|100|0.33
2062|0.89|100|0.35|100|0.33
2063|0.89|100|0.36|100|0.34
2064|0.89|100|0.36|100|0.34
2065|0.89|100|0.36|100|0.34
2066|0.89|100|0.37|100|0.35
2067|0.92|100|0.37|100|0.35
2068|0.92|100|0.37|100|0.35
2069|1.11|100|0.44|100|0.42
2070|1.11|100|0.45|100|0.43
2071|1.14|100|0.46|100|0.44
2072|1.17|100|0.47|100|0.45
2073|1.19|100|0.48|100|0.46
2074|1.22|100|0.49|100|0.47
2075|1.31|100|0.53|100|0.50
2076|1.36|100|0.56|100|0.53
2077|1.42|100|0.59|100|0.56
2078|1.64|100|0.68|100|0.65
2079|1.75|100|0.72|100|0.69
2080|1.00|100|0.41|100|0.39
2081|1.03|100|0.41|100|0.39
2082|1.03|100|0.42|100|0.40
2083|1.03|100|0.42|100|0.40
2084|1.06|100|0.43|100|0.41
2085|1.06|100|0.43|100|0.41
2086|1.08|100|0.44|100|0.42
2087|1.11|100|0.44|100|0.42
2088|1.11|100|0.45|100|0.43
2089|1.11|100|0.45|100|0.43
2090|1.17|100|0.46|100|0.44
2091|1.17|100|0.47|100|0.45
2092|1.19|100|0.48|100|0.46
2093|1.25|100|0.50|100|0.48
2094|1.31|100|0.54|100|0.51
2095|1.33|100|0.55|100|0.52
2096|1.36|100|0.56|100|0.53
2097|1.44|100|0.59|100|0.56
2098|1.86|100|0.78|100|0.74
2099|1.97|100|0.82|100|0.78
2100|2.06|100|0.86|100|0.82
2101|2.89|50|1.20|50|1.14
2102|1.56|100|0.62|100|0.59
2103|1.67|100|0.66|100|0.63
2104|1.75|100|0.69|100|0.66
2105|1.92|100|0.80|100|0.76
2106|2.11|100|0.88|100|0.84
2107|2.22|100|0.92|100|0.88
2108|3.58|100|1.41|100|1.34
2109|3.72|50|1.47|50|1.40
2110|3.83|50|1.51|50|1.44
2111|1.33|100|0.55|100|0.52
2112|1.33|100|0.56|100|0.53
2113|1.39|100|0.57|100|0.54
2114|1.39|100|0.58|100|0.55
2115|1.42|100|0.59|100|0.56
2116|1.44|100|0.60|100|0.57
2117|1.47|100|0.61|100|0.58
2118|1.47|100|0.62|100|0.59
2119|1.50|100|0.62|100|0.59
2120|1.53|100|0.64|100|0.61
2121|1.58|100|0.66|100|0.63
2122|1.64|100|0.68|100|0.65
2123|1.75|100|0.72|100|0.69
2124|1.81|100|0.75|100|0.71
2125|1.86|100|0.78|100|0.74
2126|1.97|100|0.82|100|0.78
2127|2.81|100|0.96|100|0.91
2128|3.00|100|1.09|100|1.04
2129|3.17|100|1.26|100|1.20
2130|4.39|50|1.65|50|1.57
2131|4.75|50|1.71|50|1.63
2132|1.67|100|0.67|100|0.64
2133|1.69|100|0.68|100|0.65
2134|1.75|100|0.69|100|0.66
2135|1.75|100|0.70|100|0.67
2136|1.81|100|0.71|100|0.68
2137|1.83|100|0.74|100|0.70
2138|1.86|100|0.75|100|0.71
2139|1.94|100|0.78|100|0.74
2140|2.00|100|0.81|100|0.77
2141|2.11|100|0.84|100|0.80
2142|2.31|100|0.90|100|0.86
2143|2.39|100|0.93|100|0.89
2144|2.50|100|0.98|100|0.93
2145|2.97|100|1.11|100|1.06
2146|3.56|100|1.32|100|1.26
2147|3.42|50|1.42|50|1.35
2148|3.67|50|1.52|50|1.45
2149|5.03|50|2.10|50|2.00
2150|5.25|50|2.18|50|2.08
2153|2.08|100|0.87|100|0.83
2154|2.11|100|0.89|100|0.85
2155|2.17|100|0.90|100|0.86
2156|2.22|100|0.92|100|0.88
2157|2.28|100|0.95|100|0.90
2158|2.39|100|0.95|100|0.90
2159|2.47|100|1.05|100|1.00
2160|2.61|100|1.10|100|1.05
2161|2.75|100|1.16|100|1.10
2162|2.89|100|1.21|100|1.15
2163|3.00|100|1.27|100|1.21
2164|4.00|50|1.53|50|1.46
2165|4.25|50|1.73|50|1.65
2166|4.94|50|1.94|50|1.85
2167|5.25|50|2.14|50|2.04
2168|6.42|50|2.67|50|2.54
2169|6.33|50|2.42|50|2.30
2174|3.83|50|1.47|50|1.40
2175|4.03|50|1.54|50|1.47
2176|4.25|50|1.64|50|1.56
2177|4.47|50|1.86|50|1.77
2178|4.69|50|1.95|50|1.86
2179|5.58|50|2.32|50|2.21
2180|5.81|25|2.42|25|2.30
2181|6.97|25|2.90|25|2.76
2182|7.83|25|3.26|25|3.10
2183|8.33|25|3.45|25|3.29
2184|8.81|25|3.65|25|3.48
2185|0.89|100|0.33|100|0.31
2186|0.89|100|0.33|100|0.31
2187|0.89|100|0.33|100|0.31
2188|0.89|100|0.33|100|0.31
2189|0.89|100|0.33|100|0.31
2190|0.89|100|0.33|100|0.31
2191|0.89|100|0.33|100|0.31
2192|0.89|100|0.33|100|0.31
2193|0.89|100|0.33|100|0.31
2194|0.89|100|0.33|100|0.31
2195|0.89|100|0.33|100|0.31
2196|0.89|100|0.33|100|0.31
2197|0.89|100|0.33|100|0.31
2198|0.50|100|0.19|100|0.18
2199|0.53|100|0.19|100|0.18
2200|0.53|100|0.19|100|0.18
2201|0.53|100|0.20|100|0.19
2202|0.53|100|0.20|100|0.19
2203|0.53|100|0.20|100|0.19
2204|0.53|100|0.20|100|0.19
2205|0.53|100|0.20|100|0.19
2206|0.53|100|0.20|100|0.19
2207|0.53|100|0.20|100|0.19
2208|0.56|100|0.21|100|0.20
2209|0.56|100|0.21|100|0.20
2210|0.64|100|0.23|100|0.22
2211|0.56|100|0.21|100|0.20
2212|0.58|100|0.21|100|0.20
2213|0.58|100|0.21|100|0.20
2214|0.58|100|0.21|100|0.20
2215|0.58|100|0.22|100|0.21
2216|0.61|100|0.22|100|0.21
2217|0.61|100|0.22|100|0.21
2218|0.61|100|0.23|100|0.22
2219|0.61|100|0.23|100|0.22
2220|0.61|100|0.23|100|0.22
2221|0.61|100|0.24|100|0.23
2222|0.64|100|0.24|100|0.23
2223|0.69|100|0.26|100|0.25
2224|0.72|100|0.27|100|0.26
2225|0.53|100|0.21|100|0.20
2226|0.56|100|0.21|100|0.20
2227|0.56|100|0.21|100|0.20
2228|0.58|100|0.21|100|0.20
2229|0.58|100|0.21|100|0.20
2230|0.58|100|0.21|100|0.20
2231|0.61|100|0.22|100|0.21
2232|0.61|100|0.23|100|0.22
2233|0.61|100|0.23|100|0.22
2234|0.64|100|0.23|100|0.22
2235|0.64|100|0.24|100|0.23
2236|0.67|100|0.24|100|0.23
2237|0.67|100|0.25|100|0.24
2238|0.69|100|0.26|100|0.25
2239|0.75|100|0.28|100|0.27
2240|0.78|100|0.28|100|0.27
2241|0.58|100|0.21|100|0.20
2242|0.61|100|0.22|100|0.21
2243|0.61|100|0.21|100|0.20
2244|0.61|100|0.22|100|0.21
2245|0.61|100|0.23|100|0.22
2246|0.67|100|0.24|100|0.23
2247|0.67|100|0.24|100|0.23
2248|0.67|100|0.25|100|0.24
2249|0.69|100|0.25|100|0.24
2250|0.72|100|0.26|100|0.25
2251|0.75|100|0.27|100|0.26
2252|0.75|100|0.27|100|0.26
2253|0.81|100|0.28|100|0.27
2254|0.83|100|0.29|100|0.28
2255|0.83|100|0.30|100|0.29
2256|0.89|100|0.33|100|0.31
2257|1.00|100|0.36|100|0.34
2258|0.67|100|0.25|100|0.24
2259|0.75|100|0.27|100|0.26
2260|0.75|100|0.27|100|0.26
2261|0.78|100|0.27|100|0.26
2262|0.83|100|0.29|100|0.28
2263|0.86|100|0.30|100|0.29
2264|0.89|100|0.32|100|0.30
2265|0.89|100|0.33|100|0.31
2266|0.94|100|0.33|100|0.31
2267|0.97|100|0.35|100|0.33
2268|1.03|100|0.36|100|0.34
2269|1.06|100|0.38|100|0.36
2270|1.11|100|0.39|100|0.37
2271|1.17|100|0.41|100|0.39
2272|1.25|100|0.44|100|0.42
2273|1.39|100|0.49|100|0.47
2274|1.50|100|0.53|100|0.50
2275|1.61|100|0.56|100|0.53
2276|1.11|100|0.36|100|0.34
2277|1.17|100|0.38|100|0.36
2278|1.25|100|0.39|100|0.37
2279|1.31|100|0.40|100|0.38
2280|1.33|100|0.41|100|0.39
2281|1.39|100|0.44|100|0.42
2282|1.47|100|0.45|100|0.43
2283|1.58|100|0.48|100|0.46
2284|1.67|100|0.51|100|0.49
2285|1.75|100|0.59|100|0.56
2286|1.86|100|0.62|100|0.59
2287|2.11|100|0.71|100|0.68
2288|2.33|50|0.81|50|0.77
2289|2.50|50|0.87|50|0.83
2290|2.67|50|0.91|50|0.87
2291|1.31|100|0.44|100|0.42
2292|1.39|100|0.46|100|0.44
2293|1.47|100|0.49|100|0.47
2294|1.53|100|0.50|100|0.48
2295|1.56|100|0.53|100|0.50
2296|1.67|100|0.56|100|0.53
2297|1.75|100|0.58|100|0.55
2298|1.86|100|0.62|100|0.59
2299|1.97|100|0.67|100|0.64
2300|2.11|100|0.72|100|0.69
2301|2.19|100|0.77|100|0.73
2302|2.44|50|0.85|50|0.81
2303|2.75|50|0.95|50|0.90
2304|2.97|50|1.03|50|0.98
2305|3.17|50|1.10|50|1.05
2306|4.00|50|1.39|50|1.32
2307|2.72|50|0.92|50|0.88
2309|3.11|50|1.05|50|1.00
2310|3.28|50|1.11|50|1.06
2311|3.47|50|1.18|50|1.12
2312|3.86|50|1.30|50|1.24
2313|4.36|50|1.48|50|1.41
2314|4.75|50|1.61|50|1.53
2315|5.11|25|1.77|25|1.69
2316|5.53|25|1.91|25|1.82
2317|5.89|25|2.05|25|1.95
2318|0.78|100|0.29|100|0.28
2319|0.78|100|0.29|100|0.28
2320|0.78|100|0.29|100|0.28
2321|0.78|100|0.29|100|0.28
2322|0.78|100|0.29|100|0.28
2323|0.89|100|0.29|100|0.28
2324|0.89|100|0.34|100|0.32
2325|0.89|100|0.34|100|0.32
2326|0.89|100|0.35|100|0.33
2327|0.89|100|0.35|100|0.33
2328|0.89|100|0.35|100|0.33
2329|0.89|100|0.35|100|0.33
2330|0.89|100|0.35|100|0.33
2331|0.61|100|0.22|100|0.21
2332|0.61|100|0.22|100|0.21
2333|0.61|100|0.24|100|0.23
2334|0.61|100|0.24|100|0.23
2335|0.64|100|0.24|100|0.23
2336|0.64|100|0.25|100|0.24
2337|0.64|100|0.25|100|0.24
2338|0.64|100|0.25|100|0.24
2339|0.64|100|0.25|100|0.24
2340|0.72|100|0.26|100|0.25
2341|0.64|100|0.22|100|0.21
2342|0.64|100|0.25|100|0.24
2343|0.64|100|0.25|100|0.24
2344|0.64|100|0.25|100|0.24
2345|0.64|100|0.25|100|0.24
2346|0.67|100|0.26|100|0.25
2347|0.67|100|0.26|100|0.25
2348|0.67|100|0.26|100|0.25
2349|0.67|100|0.26|100|0.25
2350|0.75|100|0.29|100|0.28
2351|0.75|100|0.29|100|0.28
2352|0.78|100|0.30|100|0.29
2353|0.53|100|0.21|100|0.20
2354|0.58|100|0.22|100|0.21
2355|0.58|100|0.22|100|0.21
2356|0.61|100|0.23|100|0.22
2357|0.61|100|0.23|100|0.22
2358|0.61|100|0.24|100|0.23
2359|0.61|100|0.24|100|0.23
2360|0.67|100|0.26|100|0.25
2361|0.67|100|0.26|100|0.25
2362|0.67|100|0.26|100|0.25
2363|0.69|100|0.27|100|0.26
2364|0.72|100|0.27|100|0.26
2365|0.75|100|0.29|100|0.28
2366|0.78|100|0.30|100|0.29
2367|0.58|100|0.22|100|0.21
2368|0.61|100|0.23|100|0.22
2369|0.61|100|0.24|100|0.23
2370|0.61|100|0.24|100|0.23
2371|0.64|100|0.25|100|0.24
2372|0.67|100|0.26|100|0.25
2373|0.69|100|0.27|100|0.26
2374|0.72|100|0.28|100|0.27
2375|0.72|100|0.28|100|0.27
2376|0.78|100|0.29|100|0.28
2377|0.81|100|0.32|100|0.30
2378|0.83|100|0.33|100|0.31
2379|0.89|100|0.34|100|0.32
2380|0.89|100|0.36|100|0.34
2381|0.97|100|0.38|100|0.36
2382|0.75|100|0.29|100|0.28
2383|0.78|100|0.30|100|0.29
2384|0.83|100|0.32|100|0.30
2385|0.86|100|0.34|100|0.32
2386|0.94|100|0.37|100|0.35
2387|0.97|100|0.37|100|0.35
2388|1.00|100|0.38|100|0.36
2389|1.03|100|0.41|100|0.39
2390|1.08|100|0.41|100|0.39
2391|1.14|100|0.45|100|0.43
2392|1.22|100|0.48|100|0.46
2393|1.31|100|0.51|100|0.49
2394|1.33|100|0.53|100|0.50
2395|1.61|100|0.64|100|0.61
2396|1.75|100|0.69|100|0.66
2397|1.22|100|0.41|100|0.39
2398|1.33|100|0.45|100|0.43
2399|1.42|100|0.48|100|0.46
2400|1.47|100|0.49|100|0.47
2401|1.53|100|0.53|100|0.50
2402|1.61|100|0.59|100|0.56
2403|1.69|100|0.64|100|0.61
2404|1.86|100|0.69|100|0.66
2405|1.97|100|0.78|100|0.74
2406|2.11|100|0.83|100|0.79
2407|2.19|100|0.86|100|0.82
2408|2.58|100|1.01|100|0.96
2409|2.75|100|1.08|100|1.03
2410|3.22|50|1.26|50|1.20
2411|3.28|50|1.29|50|1.23
2412|1.67|100|0.61|100|0.58
2413|1.75|100|0.65|100|0.62
2414|1.83|100|0.68|100|0.65
2415|1.89|100|0.74|100|0.70
2416|2.03|100|0.80|100|0.76
2417|2.14|100|0.84|100|0.80
2418|2.31|100|0.90|100|0.86
2419|2.44|100|0.96|100|0.91
2420|2.61|100|1.03|100|0.98
2421|2.75|100|1.08|100|1.03
2422|3.14|100|1.23|100|1.17
2423|3.36|50|1.32|50|1.26
2424|3.69|50|1.45|50|1.38
2425|4.11|50|1.61|50|1.53
2426|4.81|50|1.89|50|1.80
2427|3.17|100|1.24|100|1.18
2428|3.44|100|1.33|100|1.27
2429|3.69|50|1.44|50|1.37
2430|4.11|50|1.60|50|1.52
2431|4.25|50|1.67|50|1.59
2432|4.94|50|1.94|50|1.85
2433|5.25|50|2.07|50|1.97
2434|5.81|50|2.28|50|2.17
2435|6.33|25|2.48|25|2.36
2436|7.19|25|2.82|25|2.69
2437|7.75|25|3.03|25|2.89
2438|2.89|100|0.70|100|0.67
2439|2.92|100|0.71|100|0.68
2440|2.94|100|0.80|100|0.76
2441|3.03|100|0.81|100|0.77
2442|3.06|100|0.82|100|0.78
2443|3.14|100|0.83|100|0.79
2444|3.22|100|0.97|100|0.92
2445|3.00|100|0.72|100|0.69
2446|3.03|100|0.74|100|0.70
2447|3.06|100|0.76|100|0.72
2448|3.14|100|0.85|100|0.81
2449|3.19|100|0.87|100|0.83
2450|3.25|100|0.98|100|0.93
2451|3.31|100|1.01|100|0.96
2452|3.47|100|1.04|100|0.99
2453|3.58|100|1.27|100|1.21
2454|3.61|100|0.93|100|0.89
2455|3.69|100|0.96|100|0.91
2456|3.75|100|0.98|100|0.93
2457|3.83|100|1.00|100|0.95
2458|3.89|100|1.03|100|0.98
2459|4.06|100|1.05|100|1.00
2460|4.17|100|1.22|100|1.16
2462|6.17|100|1.82|100|1.73
2463|6.64|50|1.93|50|1.84
2464|4.31|100|1.14|100|1.09
2465|4.39|100|1.18|100|1.12
2466|4.53|100|1.21|100|1.15
2467|4.61|100|1.37|100|1.30
2469|5.03|100|1.47|100|1.40
2471|5.06|50|1.34|50|1.28
2472|6.61|50|2.02|50|1.92
2473|7.11|50|2.14|50|2.04
2475|5.64|50|1.42|50|1.35
2476|5.78|50|1.46|50|1.39
2477|6.08|50|1.72|50|1.64
2478|6.36|50|1.91|50|1.82
2479|7.53|50|2.45|50|2.33
2480|8.31|50|2.68|50|2.55
2481|9.61|50|3.30|50|3.14
2482|11.00|50|3.31|50|3.15
2483|9.22|100|2.37|100|2.26
2484|9.58|50|3.08|50|2.93
2485|10.19|50|3.07|50|2.92
2486|10.33|25|3.10|25|2.95
2487|1.89|100|0.69|100|0.66
2488|1.83|100|0.67|100|0.64
2489|1.83|100|0.67|100|0.64
2490|1.89|100|0.68|100|0.65
2491|2.00|100|0.74|100|0.70
2492|1.89|100|0.68|100|0.65
2493|2.00|100|0.74|100|0.70
2494|1.92|100|0.70|100|0.67
2495|1.92|100|0.70|100|0.67
2496|2.14|100|0.77|100|0.73
2497|2.25|100|0.82|100|0.78
2498|2.31|100|0.85|100|0.81
2499|2.36|100|0.86|100|0.82
2500|2.53|100|0.95|100|0.90
2501|2.64|100|0.99|100|0.94
2502|2.75|100|1.02|100|0.97
2503|2.19|100|0.81|100|0.77
2504|2.14|100|0.77|100|0.73
2505|2.25|100|0.82|100|0.78
2506|2.14|100|0.79|100|0.75
2507|2.14|100|0.79|100|0.75
2508|2.19|100|0.81|100|0.77
2509|2.36|100|0.86|100|0.82
2510|2.36|100|0.87|100|0.83
2511|2.39|100|0.89|100|0.85
2512|2.53|100|0.93|100|0.89
2513|2.86|100|1.06|100|1.01
2514|4.17|100|1.53|100|1.46
2515|4.17|100|1.53|100|1.46
2516|4.44|100|1.64|100|1.56
2517|4.64|50|1.72|50|1.64
2518|4.86|50|1.53|50|1.46
2519|2.47|100|0.92|100|0.88
2520|2.53|100|0.93|100|0.89
2521|2.64|100|0.98|100|0.93
2522|2.67|100|0.99|100|0.94
2523|2.72|100|1.01|100|0.96
2524|3.00|100|1.10|100|1.05
2525|3.11|100|1.14|100|1.09
2526|3.28|100|1.22|100|1.16
2527|3.50|100|1.30|100|1.24
2528|3.89|50|1.44|50|1.37
2529|3.94|50|1.56|50|1.49
2530|4.42|50|1.59|50|1.51
2531|4.69|50|1.75|50|1.67
2532|4.75|50|2.00|50|1.90
2535|3.42|100|1.26|100|1.20
2536|3.50|100|1.30|100|1.24
2537|3.64|100|1.35|100|1.29
2538|3.75|100|1.40|100|1.33
2539|4.25|100|1.58|100|1.50
2540|4.03|100|1.49|100|1.42
2541|4.25|100|1.58|100|1.50
2542|5.17|50|1.93|50|1.84
2543|5.17|50|1.92|50|1.83
2544|6.22|50|2.32|50|2.21
2545|7.03|50|2.59|50|2.47
2546|7.17|50|3.11|50|2.96
2551|5.36|50|1.98|50|1.89
2552|5.47|50|2.03|50|1.93
2553|5.64|50|2.10|50|2.00
2554|5.81|50|2.14|50|2.04
2555|6.03|50|2.24|50|2.13
2556|6.64|50|2.49|50|2.37
2557|7.67|50|2.85|50|2.71
2558|7.89|50|3.11|50|2.96
2559|9.83|50|3.64|50|3.47
2560|9.94|25|3.73|25|3.55
2561|10.39|25|4.27|25|4.07
2562|1.11|100|0.42|100|0.40
2563|1.25|100|0.42|100|0.40
2564|1.33|100|0.46|100|0.44
2565|1.39|100|0.47|100|0.45
2566|1.39|100|0.45|100|0.43
2567|1.39|100|0.45|100|0.43
2568|1.39|100|0.49|100|0.47
2569|1.39|100|0.49|100|0.47
2570|1.39|100|0.51|100|0.49
2571|1.47|100|0.56|100|0.53
2572|1.56|100|0.62|100|0.59
2573|1.61|100|0.62|100|0.59
2574|1.42|100|0.50|100|0.48
2575|1.53|100|0.57|100|0.54
2576|1.53|100|0.58|100|0.55
2577|1.56|100|0.61|100|0.58
2578|1.61|100|0.61|100|0.58
2579|1.67|100|0.58|100|0.55
2580|1.69|100|0.56|100|0.53
2581|1.89|100|0.64|100|0.61
2582|1.97|100|0.69|100|0.66
2583|2.17|100|0.74|100|0.70
2584|2.19|100|0.76|100|0.72
2585|2.36|100|0.87|100|0.83
2586|2.53|100|0.97|100|0.92
2587|1.67|100|0.70|100|0.67
2589|1.69|100|0.71|100|0.68
2590|1.83|100|0.72|100|0.69
2591|1.94|100|0.80|100|0.76
2592|2.06|100|0.75|100|0.71
2593|2.11|100|0.78|100|0.74
2594|2.17|100|0.82|100|0.78
2595|2.25|100|0.87|100|0.83
2596|2.44|100|1.00|100|0.95
2597|2.56|100|1.02|100|0.97
2598|2.64|100|1.10|100|1.05
2599|3.03|50|1.26|50|1.20
2600|3.28|50|1.37|50|1.30
2601|3.53|50|1.47|50|1.40
2602|2.22|100|0.91|100|0.87
2603|2.17|100|0.90|100|0.86
2604|2.25|100|0.93|100|0.89
2605|2.44|100|1.03|100|0.98
2606|2.44|100|1.01|100|0.96
2607|2.64|100|1.10|100|1.05
2608|2.83|100|1.18|100|1.12
2609|3.03|100|1.26|100|1.20
2610|3.11|100|1.29|100|1.23
2611|3.50|100|1.46|100|1.39
2612|4.06|50|1.69|50|1.61
2613|4.47|50|1.86|50|1.77
2614|4.78|50|1.98|50|1.89
2615|5.25|50|2.18|50|2.08
2616|5.61|50|2.34|50|2.23
2617|4.47|50|1.64|50|1.56
2618|4.61|50|1.74|50|1.66
2619|4.83|50|1.88|50|1.79
2620|5.06|50|2.07|50|1.97
2621|5.33|50|2.17|50|2.07
2622|6.11|50|2.54|50|2.42
2623|6.97|50|2.90|50|2.76
2624|7.53|50|3.14|50|2.99
2625|7.72|25|3.21|25|3.06
2626|8.67|25|3.60|25|3.43
2627|9.67|25|4.02|25|3.83
2725|40.03|1|15.52|1|14.78
2726|42.75|1|15.80|1|15.05
2727|64.75|1|23.93|1|22.79
2728|90.14|1|34.52|1|32.88
3186|5.72|50|2.34|50|2.23
3193|7.86|12|2.71|12|2.58
3194|8.78|1|3.17|1|3.02
3215|11.86|20|4.11|20|3.91
3218|5.89|50|2.05|50|1.95
3219|1.28|100|0.48|100|0.46
3220|1.44|100|0.48|100|0.46
3222|1.56|100|0.53|100|0.50
3223|1.56|100|0.51|100|0.49
3224|1.56|100|0.55|100|0.52
3226|1.58|100|0.57|100|0.54
3227|1.58|100|0.61|100|0.58
3229|1.75|100|0.64|100|0.61
3230|1.78|100|0.64|100|0.61
3231|1.61|100|0.60|100|0.57
3232|1.69|100|0.63|100|0.60
3233|1.69|100|0.61|100|0.58
3234|1.75|100|0.67|100|0.64
3235|1.78|100|0.67|100|0.64
3236|1.86|100|0.61|100|0.58
3237|1.89|100|0.62|100|0.59
3238|2.08|100|0.70|100|0.67
3239|2.22|100|0.79|100|0.75
3240|2.42|100|0.83|100|0.79
3241|2.44|100|0.84|100|0.80
3242|2.67|100|0.97|100|0.92
3243|2.83|100|1.08|100|1.03
3244|1.86|100|0.71|100|0.68
3246|1.89|100|0.77|100|0.73
3247|2.00|100|0.80|100|0.76
3248|2.11|100|0.87|100|0.83
3249|2.25|100|0.81|100|0.77
3250|2.31|100|0.84|100|0.80
3251|2.33|100|0.89|100|0.85
3252|2.50|100|0.96|100|0.91
3253|2.67|100|1.08|100|1.03
3254|2.81|100|1.11|100|1.06
3255|2.94|100|1.22|100|1.16
3256|3.31|50|1.38|50|1.31
3257|3.56|50|1.48|50|1.41
3258|3.83|50|1.59|50|1.51
3259|2.39|100|0.93|100|0.89
3260|2.42|100|0.97|100|0.92
3261|2.42|100|1.00|100|0.95
3262|2.67|100|1.06|100|1.01
3263|2.67|100|1.09|100|1.04
3264|2.89|100|1.23|100|1.17
3265|3.06|100|1.27|100|1.21
3266|3.28|100|1.37|100|1.30
3267|3.33|100|1.39|100|1.32
3268|3.75|100|1.55|100|1.48
3269|4.39|50|1.83|50|1.74
3270|4.83|50|2.01|50|1.91
3271|5.11|50|2.13|50|2.03
3272|5.72|50|2.38|50|2.27
3273|6.08|50|2.53|50|2.41
3274|4.83|50|1.76|50|1.68
3275|4.94|50|1.87|50|1.78
3276|5.28|50|2.04|50|1.94
3277|5.53|50|2.25|50|2.14
3278|5.81|50|2.35|50|2.24
3279|6.58|50|2.72|50|2.59
3280|7.53|50|3.14|50|2.99
3281|8.11|25|3.38|25|3.22
3282|8.28|25|3.44|25|3.28
3283|9.25|25|3.84|25|3.66
3284|10.25|25|4.26|25|4.06
3292|8.53|25|3.50|25|3.33
3294|3.25|50|0.99|50|0.94
3295|12.61|25|4.71|25|4.49
3299|10.61|25|4.08|25|3.89
3322|8.31|25|3.26|25|3.10
3341|7.75|50|2.87|50|2.73
3366|0.97|1|0.38|1|0.36
3367|1.31|1|0.51|1|0.49
3393|4.33|50|1.81|50|1.72
3409|187.81|6|76.62|6|72.97
3417|37.78|1|13.42|1|12.78
3418|37.78|1|13.42|1|12.78
3419|44.33|1|16.39|1|15.61
3420|44.33|1|16.39|1|15.61
3432|278.56|5|113.51|5|108.10
3471|162.53|10|76.56|10|72.91
3552|11.97|1|4.01|1|3.82
3554|13.53|1|4.68|1|4.46
3556|17.50|1|6.56|1|6.25
3558|21.72|1|7.93|1|7.55
3562|13.83|1|4.78|1|4.55
3564|20.44|1|7.43|1|7.08
3566|25.58|1|9.23|1|8.79
3570|28.53|1|6.96|1|6.63
3572|39.28|1|8.10|1|7.71
3574|50.97|1|10.74|1|10.23
3578|27.83|1|6.96|1|6.63
3580|38.58|1|9.50|1|9.05
3672|14.67|1|5.57|1|5.30
3674|18.53|1|6.97|1|6.64
3676|24.75|1|9.29|1|8.85
3682|19.86|1|6.88|1|6.55
3732|7.61|1|3.35|1|3.19
3767|4.06|100|1.64|100|1.56
4230|7.19|30|2.66|30|2.53
5017|123.06|10|50.36|10|47.96
5156|169.53|6|80.02|6|76.21
5326|241.89|5|112.84|5|107.47
5417|190.06|8|77.45|8|73.76
5432|340.17|5|138.62|5|132.02
5539|191.53|8|78.05|8|74.33
6018|7.03|50|2.95|50|2.81
6019|5.42|25|2.26|25|2.15
6020|8.33|25|3.47|25|3.30
6022|11.53|25|4.79|25|4.56
6023|15.44|25|5.24|25|4.99
6024|16.14|20|5.60|20|5.33
6026|18.31|20|6.13|20|5.84
6028|22.56|20|7.21|20|6.87
6334|0.81|100|0.30|100|0.29
6335|0.83|100|0.33|100|0.31
6347|0.67|100|0.26|100|0.25
6352|0.83|100|0.33|100|0.31
6369|0.67|100|0.25|100|0.24
6374|1.17|100|0.43|100|0.41
6375|1.25|100|0.48|100|0.46
6387|0.69|100|0.26|100|0.25
6406|1.56|100|0.60|100|0.57
6408|1.64|100|0.64|100|0.61
6409|1.72|100|0.67|100|0.64
6447|2.08|100|0.82|100|0.78
6468|1.33|100|0.46|100|0.44
6495|1.72|100|0.63|100|0.60
6501|4.47|50|1.75|50|1.67
6514|2.39|100|0.91|100|0.87
6515|2.83|100|1.09|100|1.04
6516|3.33|100|1.29|100|1.23
6518|3.69|50|1.45|50|1.38
6519|4.08|50|1.61|50|1.53
6528|2.89|100|1.09|100|1.04
6529|2.97|100|1.12|100|1.07
6545|5.33|50|1.90|50|1.81
6548|6.31|50|2.39|50|2.28
6549|6.72|50|2.57|50|2.45
6552|7.22|25|2.84|25|2.70
6555|9.11|25|3.58|25|3.41
6556|9.89|25|3.89|25|3.70
6557|11.06|20|4.35|20|4.14
6633|1.14|100|0.43|100|0.41
6723|0.83|100|0.30|100|0.29
6755|1.22|100|0.39|100|0.37
6789|3.78|50|1.31|50|1.25
6797|4.69|50|1.64|50|1.56
6798|4.44|50|1.53|50|1.46
6800|3.47|50|1.21|50|1.15
6802|3.61|50|1.25|50|1.19
6803|5.19|25|1.82|25|1.73
6804|3.89|50|1.34|50|1.28
6805|4.17|50|1.45|50|1.38
6858|5.67|25|1.96|25|1.87
6862|6.25|25|2.16|25|2.06
6866|6.83|25|2.37|25|2.26
6871|7.42|25|2.57|25|2.45
6873|8.00|20|2.77|20|2.64
6876|8.58|20|2.97|20|2.83
7091|16.39|25|4.91|25|4.68
7093|25.83|25|6.86|25|6.53
7108|19.03|25|5.29|25|5.04
7115|29.06|20|8.73|20|8.31
7118|48.92|20|14.69|20|13.99
7202|5.36|50|1.98|50|1.89
7203|4.69|100|1.72|100|1.64
7204|5.81|50|2.14|50|2.04
7205|4.92|50|1.82|50|1.73
7207|5.44|50|2.02|50|1.92
7208|6.14|50|2.28|50|2.17
7209|7.56|50|2.78|50|2.65
7210|8.42|50|3.11|50|2.96
7211|8.89|25|3.78|25|3.60
7238|8.78|50|3.24|50|3.09
7239|8.44|50|3.13|50|2.98
7240|9.67|25|3.74|25|3.56
7241|9.06|50|3.36|50|3.20
7242|13.78|25|5.58|25|5.31
7244|10.39|25|4.16|25|3.96
7247|11.33|25|4.66|25|4.44
7248|12.19|25|5.22|25|4.97
7252|15.42|25|5.86|25|5.58
7328|1.11|100|0.39|100|0.37
7329|1.11|100|0.41|100|0.39
7331|1.17|100|0.42|100|0.40
7332|1.25|100|0.45|100|0.43
7333|1.25|100|0.45|100|0.43
7334|1.25|100|0.45|100|0.43
7341|1.33|100|0.46|100|0.44
7342|1.39|100|0.46|100|0.44
7353|1.64|100|0.63|100|0.60
7354|1.69|100|0.64|100|0.61
7356|1.69|100|0.70|100|0.67
7357|1.75|100|0.72|100|0.69
7358|1.89|100|0.79|100|0.75
7359|2.03|100|0.85|100|0.81
7368|1.42|100|0.51|100|0.49
7369|1.11|100|0.42|100|0.40
7371|1.42|100|0.51|100|0.49
7372|1.42|100|0.54|100|0.51
7375|1.53|100|0.56|100|0.53
7390|2.33|100|0.81|100|0.77
7391|2.42|100|0.87|100|0.83
7394|2.75|100|1.14|100|1.09
7395|3.03|100|1.26|100|1.20
7407|1.69|100|0.65|100|0.62
7412|1.67|100|0.69|100|0.66
7413|1.86|100|0.76|100|0.72
7426|2.61|100|1.09|100|1.04
7449|3.33|100|1.38|100|1.31
7451|3.92|50|1.63|50|1.55
7478|5.25|50|2.18|50|2.08
7481|4.61|50|1.91|50|1.82
7482|3.33|50|1.29|50|1.23
7483|3.64|50|1.45|50|1.38
7485|3.89|50|1.58|50|1.50
7488|4.06|50|1.69|50|1.61
7489|5.00|50|2.08|50|1.98
7491|5.56|50|2.31|50|2.20
7492|6.53|50|2.71|50|2.58
7493|7.42|25|3.09|25|2.94
7496|6.89|25|2.86|25|2.72
7519|6.67|50|2.72|50|2.59
7551|7.36|50|2.74|50|2.61
7557|9.53|25|3.44|25|3.28
7566|11.75|25|4.42|25|4.21
7572|14.17|25|5.15|25|4.90
7573|14.94|25|5.63|25|5.36
7576|9.81|25|3.85|25|3.67
7796|601.19|1|180.24|1|0.00
7819|3.33|50|1.17|50|1.11
7847|1.17|100|0.41|100|0.39
7868|6.08|50|2.53|50|2.41
7871|217.47|1|80.38|1|76.55
7893|1.11|100|0.37|100|0.35
7894|1.25|100|0.42|100|0.40
7996|92.39|1|32.80|1|31.24
8026|1.25|100|0.42|100|0.40
8121|0.53|100|0.20|100|0.19
8127|1.11|100|0.39|100|0.37
8128|1.44|100|0.47|100|0.45
8225|3.67|50|1.45|50|1.38
8268|4.78|100|1.75|100|1.67
8342|1.44|100|0.48|100|0.46
8394|1.56|100|0.51|100|0.49
8403|47.08|1|21.65|1|20.62
8405|47.08|1|21.65|1|20.62
8406|49.39|1|22.72|1|21.64
8408|47.08|1|21.65|1|20.62
8410|49.39|1|22.72|1|21.64
8411|49.39|1|22.72|1|21.64
8413|58.33|1|26.82|1|25.54
8414|58.33|1|26.82|1|25.54
8415|58.33|1|26.82|1|25.54
8416|63.94|1|29.40|1|28.00
8417|63.94|1|29.40|1|28.00
8422|78.42|1|36.05|1|34.33
8423|70.89|1|32.60|1|31.05
8425|49.39|1|22.72|1|21.64
8427|47.08|1|21.65|1|20.62
8428|49.39|1|22.72|1|21.64
8429|49.39|1|22.72|1|21.64
8430|58.33|1|26.82|1|25.54
8432|58.33|1|26.82|1|25.54
8433|58.33|1|26.82|1|25.54
8434|63.94|1|29.40|1|28.00
8435|63.94|1|29.40|1|28.00
8439|70.89|1|32.60|1|31.05
8440|78.42|1|36.05|1|34.33
8450|58.33|1|26.82|1|25.54
8453|63.94|1|29.40|1|28.00
8456|73.50|1|33.79|1|32.18
8460|47.08|1|21.65|1|20.62
8461|53.25|1|24.49|1|23.32
8462|58.33|1|26.82|1|25.54
8464|49.39|1|22.72|1|21.64
8465|49.39|1|22.72|1|21.64
8466|58.33|1|26.82|1|25.54
8467|63.94|1|29.40|1|28.00
8468|78.42|1|36.05|1|34.33
8469|49.39|1|22.72|1|21.64
8470|49.39|1|22.72|1|21.64
8471|58.33|1|26.82|1|25.54
8472|63.94|1|29.40|1|28.00
8473|78.42|1|36.05|1|34.33
8488|95.03|1|43.71|1|41.63
8498|95.03|1|43.71|1|41.63
8501|74.89|1|29.77|1|28.35
8596|26.25|25|7.88|25|7.50
8639|2.33|100|0.88|100|0.84
8750|4.97|50|1.72|50|1.64
8863|84.83|1|31.43|1|29.93
8864|75.44|1|29.60|1|28.19
8959|0.67|100|0.24|100|0.23
9030|735.94|1|289.00|1|275.24
9031|724.39|1|284.47|1|270.92
9032|1259.69|1|466.95|1|444.71
9033|1207.11|1|474.03|1|451.46
9034|1920.61|1|754.23|1|718.31
9035|975.97|1|383.26|1|365.01
9036|1934.03|1|759.50|1|723.33
9037|975.53|1|383.09|1|364.85
9058|72.72|1|33.43|1|31.84
9059|67.28|1|30.93|1|29.46
9069|3.17|100|1.14|100|1.09
9179|63.94|1|29.40|1|28.00
9191|50.47|1|23.43|1|22.31
9192|50.47|1|23.43|1|22.31
9193|65.03|1|30.10|1|28.67
9194|59.39|1|27.53|1|26.22
9196|79.50|1|36.75|1|35.00
9273|50.47|1|23.43|1|22.31
9274|59.39|1|27.53|1|26.22
9275|65.03|1|30.10|1|28.67
9376|63.94|1|29.40|1|28.00
9377|76.25|1|35.05|1|33.38
9378|83.00|1|38.16|1|36.34
9379|70.64|1|32.49|1|30.94
9380|70.64|1|32.49|1|30.94
9383|63.94|1|29.40|1|28.00
9384|63.94|1|29.40|1|28.00
9385|76.25|1|35.05|1|33.38
9386|83.00|1|38.16|1|36.34
9389|58.89|1|27.10|1|25.81
9390|58.89|1|27.10|1|25.81
9391|66.67|1|30.64|1|29.18
9392|72.89|1|33.54|1|31.94
9398|72.89|1|33.54|1|31.94
9401|63.94|1|29.40|1|28.00
9402|63.94|1|29.40|1|28.00
9413|71.33|1|32.81|1|31.25
9414|83.00|1|38.16|1|36.34
9416|70.64|1|32.49|1|30.94
9417|70.64|1|32.49|1|30.94
9418|71.33|1|32.81|1|31.25
9419|83.00|1|38.16|1|36.34
9421|67.28|1|30.93|1|29.46
9423|67.89|1|31.22|1|29.73
9457|1.53|100|0.51|100|0.49
9458|1.58|100|0.56|100|0.53
9460|1.67|100|0.62|100|0.59
9461|1.44|100|0.51|100|0.49
9462|1.44|100|0.54|100|0.51
9696|0.56|100|0.21|100|0.20
9697|0.61|100|0.23|100|0.22
9698|1.03|100|0.39|100|0.37
9699|0.72|100|0.26|100|0.25
9700|0.75|1|0.29|1|0.28
9701|0.83|100|0.33|100|0.31
9702|0.75|100|0.29|100|0.28
9703|0.81|100|0.32|100|0.30
9705|1.17|100|0.41|100|0.39
9748|72.72|1|33.43|1|31.84
9777|6.78|50|2.57|50|2.45
9811|247.83|1|113.95|1|108.52
9812|193.92|1|84.70|1|80.67
9815|56.11|1|25.80|1|24.57
9831|3.50|50|1.38|50|1.31
9978|2.83|100|1.18|100|1.12
10076|7.97|50|2.91|50|2.77
10077|9.31|25|3.30|25|3.14
10186|4.31|50|1.69|50|1.61
10207|147.22|1|53.87|1|51.30
10245|11.89|20|4.66|20|4.44
10305|13.33|25|5.05|25|4.81
10306|15.67|25|5.38|25|5.12
10309|8.97|25|3.66|25|3.49
10312|12.08|25|4.56|25|4.34
10318|1.28|100|0.47|100|0.45
10319|1.36|100|0.49|100|0.47
10320|1.50|100|0.51|100|0.49
10322|1.44|100|0.48|100|0.46
10356|21.75|20|6.68|20|6.36
10357|0.64|100|0.25|100|0.24
10358|1.19|100|0.45|100|0.43
10359|1.83|100|0.71|100|0.68
10372|2.56|100|0.95|100|0.90
10373|2.61|100|1.00|100|0.95
10374|4.47|50|1.76|50|1.68
10375|4.86|50|1.91|50|1.82
10376|5.33|50|2.10|50|2.00
10377|4.67|50|1.80|50|1.71
10378|5.00|50|1.81|50|1.72
10379|5.47|50|2.11|50|2.01
10381|1.92|100|0.80|100|0.76
10382|2.08|100|0.86|100|0.82
10383|2.22|100|0.92|100|0.88
10421|44.17|1|16.33|1|15.55
10422|64.89|1|23.98|1|22.84
10458|1.61|100|0.61|100|0.58
10459|1.61|100|0.62|100|0.59
10460|3.06|100|1.27|100|1.21
10461|2.56|100|0.86|100|0.82
10462|2.72|100|0.99|100|0.94
10463|1.61|100|0.60|100|0.57
10464|1.69|100|0.62|100|0.59
10466|3.19|100|1.33|100|1.27
10482|2.86|100|1.18|100|1.12
10483|3.14|100|1.30|100|1.24
10485|3.56|100|1.48|100|1.41
10486|4.17|100|1.73|100|1.65
10533|3.53|100|1.38|100|1.31
10534|3.86|100|1.53|100|1.46
10535|4.25|100|1.77|100|1.69
10536|4.25|100|1.77|100|1.69
10537|4.83|50|2.01|50|1.91
10538|5.19|50|2.16|50|2.06
10539|5.47|50|2.27|50|2.16
10540|5.75|50|2.39|50|2.28
10541|6.33|50|2.63|50|2.50
10542|6.86|50|2.86|50|2.72
10543|7.33|50|3.06|50|2.91
10544|7.89|50|3.28|50|3.12
10557|6.17|50|2.51|50|2.39
10558|7.14|50|2.91|50|2.77
10559|7.22|25|2.75|25|2.62
10560|7.83|25|2.91|25|2.77
10561|8.44|25|3.09|25|2.94
10562|9.75|25|3.47|25|3.30
10563|9.97|25|3.62|25|3.45
10564|10.25|25|4.03|25|3.84
10565|11.08|25|4.46|25|4.25
10567|14.89|25|5.54|25|5.28
10568|1.28|100|0.45|100|0.43
10569|1.28|100|0.47|100|0.45
10570|1.28|100|0.50|100|0.48
10571|1.28|100|0.48|100|0.46
10572|1.36|100|0.49|100|0.47
10573|1.36|100|0.49|100|0.47
10574|1.44|100|0.54|100|0.51
10575|1.44|100|0.54|100|0.51
10576|1.61|100|0.56|100|0.53
10577|70.89|1|25.80|1|24.57
10654|1.83|100|0.67|100|0.64
10655|1.86|100|0.78|100|0.74
10935|92.47|1|42.51|1|40.49
11516|22.75|1|9.07|1|8.64
11517|22.08|1|8.83|1|8.41
11518|28.31|1|11.19|1|10.66
11519|28.53|1|11.61|1|11.06
11520|31.67|1|11.90|1|11.33
11521|52.06|1|19.22|1|18.30
11522|54.25|1|20.06|1|19.10
11523|58.78|1|21.72|1|20.69
11524|34.97|1|13.55|1|12.90
11649|53.36|1|18.87|1|17.97
11655|79.69|1|30.71|1|29.25
11707|59.78|1|22.09|1|21.04
12536|146.47|1|53.47|1|50.92
12732|79.42|1|30.80|1|29.33
12780|146.64|1|53.56|1|51.01
12781|147.33|1|53.90|1|51.33
12940|72.72|1|33.43|1|31.84
13099|67.56|1|24.59|1|23.42
13102|53.47|1|24.59|1|23.42
13195|51.19|1|23.55|1|22.43
13251|236.03|1|108.53|1|103.36
13289|416.67|1|191.57|1|182.45
13290|396.83|1|182.46|1|173.77
13292|776.64|1|357.08|1|340.08
13307|92.47|1|42.51|1|40.49
13454|32.83|1|13.60|1|12.95
13455|57.78|1|21.36|1|20.34
15205|50.06|6|12.95|6|12.33
15356|364.00|1|159.76|1|152.15
15479|358.61|1|157.38|1|149.89
16182|570.00|1|239.40|1|228.00
16184|570.00|1|231.91|1|220.87
16185|550.00|1|241.40|1|229.90
