1|AC-313|95.26|104.79
1|AC-314|128.87|141.76
1|BR-432|13.67|14.59
1|BR-434|20.66|24.22
1|BR-435|20.14|21.83
1|BR-437|39.88|41.50
1|C-202|43.74|47.78
1|C-203|52.94|63.73
1|C-204|89.51|97.79
1|CS-253|91.15|102.45
1|CS-254|128.72|143.93
1|CS-255|283.43|316.49
1|H-411|10.16|10.45
1|H-411A|15.05|15.88
1|H-412|11.58|11.88
1|H-412A|15.98|16.83
1|H-413|17.45|18.02
1|H-413A|24.06|25.23
1|H-414|27.79|28.74
1|H-414A|33.99|36.88
1|H-415|45.70|46.62
1|H-440|8.20|8.37
1|H-441|10.12|10.49
1|H-442|10.11|10.41
1|H-443|12.86|13.17
1|H-444|18.32|18.73
1|H-445|22.60|22.75
1|H-447|54.80|57.00
1|H-482|99.74|102.41
1|H-483|207.29|212.26
1|H-488|56.72|57.27
1|H-489|60.11|60.68
1|H-490|97.98|100.14
1|H-501|5.99|7.57
1|H-502|7.03|8.03
1|H-503|8.01|8.81
1|H-504|8.02|10.63
1|HE-556|8.24|8.97
1|HE-557|8.39|9.28
1|HE-561|11.29|12.08
1|HE-562|11.83|12.64
1|HE-565|18.92|20.51
1|HE-566|18.77|20.34
12|LA-304|2.80|3.04
12|LB-406|3.29|3.43
12|LB-408|4.65|5.06
12|LB-410|5.77|6.31
6|LB-412|7.07|7.63
12|LB-506|5.16|5.68
12|LB-508|7.09|7.71
12|LB-510|9.47|10.31
6|LB-512|13.19|14.22
12|LB-606|4.55|4.74
12|LB-608|5.47|5.70
12|LB-610|6.93|7.23
6|LB-612|8.47|8.85
12|LB-718|5.95|6.52
12|LB-816|6.35|6.90
12|LB-818|9.98|10.72
12|LE-301|2.30|2.58
12|LM-416|3.70|3.86
12|LM-418|5.40|5.94
12|LM-420|6.76|7.38
6|LM-422|8.08|8.76
12|LM-516|5.06|5.48
12|LM-518|7.37|8.04
12|LM-520|9.83|10.70
6|LM-522|13.78|14.88
12|LM-618|6.82|7.17
12|LM-620|8.10|8.52
6|LM-622|9.91|10.76
12|LM-806|7.36|8,00
1|MLH-001|4.69|4.84
1|MLH-002|4.69|4.82
1|MLH-003|4.69|4.74
1|MLH-004|5.32|5.85
1|MLH-005|5.32|5.38
1|MLH-006|5.64|5.71
1|MLH-007|6.97|7.05
1|MLH-008|9.31|9.57
1|MLH-009|9.31|9.47
1|MLH-010|10.96|11.62
1|MLH-011|11.97|12.34
1|MLH-012|19.64|20.53
1|MLH-013|25.27|26.73
1|MLH-014|29.58|31.35
1|MLH-015|4.69|5.16
1|MLH-016|4.69|4.82
1|MLH-018|4.69|4.82
1|MLH-019|5.32|5.47
1|MLH-020|5.32|5.51
1|MLH-024|9.31|9.52
1|MLH-031|4.69|4.82
1|MLH-032|4.69|4.82
1|MLH-034|5.32|5.47
1|MLH-045|4.69|4.82
1|MLH-047|4.69|4.74
1|MLH-048|4.69|4.71
1|MLH-049|5.32|5.34
1|MLH-051|5.64|5.67
1|MLH-052|6.97|6.99
1|MLH-053|9.31|9.45
1|MLH-054|10.96|11.33
1|MLH-062A|4.69|4.91
1|MLH-063A|4.69|4.84
1|MLH-065A|6.34|6.54
1|MLH-066A|6.34|6.43
1|MLH-067A|7.34|7.57
1|MLH-068A|7.34|7.48
1|MLH-073A|16.98|17.75
1|MLH-074A|19.64|20.49
1|MLH-075|10.33|10.61
1|MLH-076|15.65|16.33
1|MLH-077|19.64|20.47
1|MLH-078|25.27|26.62
1|MLH-081|5.32|5.59
1|MLH-082|7.98|8.27
1|MLH-083|10.01|10.37
1|MLH-084|12.67|13.02
1|MLH-086|37.94|39.66
1|MP-950|90.12|91.41
1|MRH-003|10.96|10.97
1|MRH-004|13.53|13.75
1|MRH-006|17.11|17.49
1|MRH-016|10.96|11.12
1|MRH-021A|11.43|11.85
1|MRH-026|48.98|52.19
1|MRH-032|7.73|7.85
1|MRH-034|8.73|8.87
1|MRH-047|10.96|11.15
1|MRH-048|10.96|11.03
1|MRH-049|13.35|13.42
1|MRH-056|67.38|74.56
1|MRH-057|81.56|88.02
1|MRH-059|117.94|127.28
1|MRH-062|14.18|14.89
1|MRH-066|19.04|20.29
18|SU-419|16.64|18.30
10|SU-427|27.88|28.36
2|SU-441|124.73|126.19
2|SU-443|166.87|167.27
20|SU-516|17.67|18.77
10|SU-522|20.49|21.79
10|SU-525|24.55|25.24
10|SU-527|26.82|28.54
2|SU-624|92.69|101.96
30|SU-702|3.48|3.83
20|SU-707|13.29|14.62
10|SU-713|37.22|40.94
5|SU-716|58.55|64.41
2|SU-718|116.69|128.36
20|TM-001|1.21|1.29
20|TM-003|1.77|1.95
20|TM-004|2.76|3,00
30|TM-005|1.99|2.19
30|TM-008|2.94|3.16
20|TM-012|3.11|3.29
20|TM-016|7.74|8.08
18|TM-018|4.62|4.90
18|TM-020|4.70|5.05
12|TM-023|13.19|14.51
10|TM-024|8.05|8.74
10|TM-028|8.60|9.24
10|TM-029|12.10|13.31
6|TM-031|19.64|21.14
6|TM-033|20.90|22.46
4|TM-035|32.67|35.67
3|TM-036|27.53|29.53
2|TM-038|44.68|48.7
2|TM-040|43.36|47.7
2|TM-041|56.96|60.42
2|TM-043|64.80|68.73
20|TM-101|5.63|6.14
20|TM-106|6.81|7.45
10|TM-111|10.57|11.15
10|TM-112|12.47|13.49
20|TM-113|6.73|7.14
20|TM-115|8.30|8.87
20|TM-116|9.03|9.73
10|TM-118|12.47|13.52
10|TM-121|10.56|11.53
30|TM-202|2.04|2.24
8|TM-217|17.48|19.23
5|TM-219|24.19|26.61
2|TM-221|24.20|26.62
2|TM-222|37.5|41.25
2|TM-224|46.29|50.92
2|TM-225|38.61|42.47
30|TM-303|2.15|2.37
20|TM-308|7.71|8.48
10|TM-310|10.19|11.21
10|TM-312|13.75|15.13
10|TM-313|19.86|21.85
6|TM-314|18.46|20.31
4|TM-317|40.24|44.26
5|UL-218|27.75|30.53
3|UL-220|36.35|39.99
